version 1
nodes
  0 "rlauncher" -1
end
skeleton
time 0
  0 -9.932647 -2.422262 6.230360 0.000000 -1.117011 0.000000
end
triangles
w_rpg_reference.BMP
  0 -16.597677 -2.362262 8.168240 0.057702 -0.997938 -0.028101 0.007813 0.101563
  0 -18.451979 -2.452262 7.993419 0.057702 -0.997938 -0.028101 0.046875 0.101563
  0 -17.079885 -2.362262 7.179566 0.057702 -0.997938 -0.028101 0.007813 0.101563
w_rpg_reference.BMP
  0 -17.079885 -2.362262 7.179566 0.057702 -0.997938 -0.028101 0.007813 0.101563
  0 -18.451979 -2.452262 7.993419 0.057702 -0.997938 -0.028101 0.046875 0.101563
  0 -22.101084 -2.452262 9.773205 0.898784 0.000000 -0.438392 0.156250 0.101563
w_rpg_reference.BMP
  0 -18.451979 -2.452262 7.993419 0.057702 -0.997938 -0.028101 0.046875 0.101563
  0 -17.079885 -2.362262 7.179566 0.057702 -0.997938 -0.028101 0.007813 0.101563
  0 -22.101084 -2.452262 9.773205 0.898784 0.000000 -0.438392 0.156250 0.101563
w_rpg_reference.BMP
  0 -22.101084 -2.452262 9.773205 0.898784 0.000000 -0.438392 0.156250 0.101563
  0 -17.079885 -2.362262 7.179566 0.057702 -0.997938 -0.028101 0.007813 0.101563
  0 -22.256939 -2.392262 9.704582 0.898784 0.000000 -0.438392 0.156250 0.101563
w_rpg_reference.BMP
  0 -17.079885 -2.362262 7.179566 0.057702 -0.997938 -0.028101 0.007813 0.101563
  0 -22.101084 -2.452262 9.773205 0.898784 0.000000 -0.438392 0.156250 0.101563
  0 -22.256939 -2.392262 9.704582 0.898784 0.000000 -0.438392 0.156250 0.101563
w_rpg_reference.BMP
  0 -22.256939 -2.392262 9.704582 0.898784 0.000000 -0.438392 0.156250 0.101563
  0 -22.101084 -2.452262 9.773205 0.898784 0.000000 -0.438392 0.156250 0.101563
  0 -21.737236 -2.452262 10.519204 0.875292 0.000000 -0.483595 0.156250 0.101563
w_rpg_reference.BMP
  0 -22.101084 -2.452262 9.773205 0.898784 0.000000 -0.438392 0.156250 0.101563
  0 -22.256939 -2.392262 9.704582 0.898784 0.000000 -0.438392 0.156250 0.101563
  0 -21.737236 -2.452262 10.519204 0.875292 0.000000 -0.483595 0.156250 0.101563
w_rpg_reference.BMP
  0 -21.737236 -2.452262 10.519204 0.875292 0.000000 -0.483595 0.156250 0.101563
  0 -22.256939 -2.392262 9.704582 0.898784 0.000000 -0.438392 0.156250 0.101563
  0 -21.774731 -2.392262 10.693256 0.745294 -0.666695 0.007400 0.156250 0.101563
w_rpg_reference.BMP
  0 -22.256939 -2.392262 9.704582 0.898784 0.000000 -0.438392 0.156250 0.101563
  0 -21.737236 -2.452262 10.519204 0.875292 0.000000 -0.483595 0.156250 0.101563
  0 -21.774731 -2.392262 10.693256 0.745294 -0.666695 0.007400 0.156250 0.101563
w_rpg_reference.BMP
  0 -21.774731 -2.392262 10.693256 0.745294 -0.666695 0.007400 0.156250 0.101563
  0 -21.737236 -2.452262 10.519204 0.875292 0.000000 -0.483595 0.156250 0.101563
  0 -18.088131 -2.452262 8.739418 0.057702 -0.997938 -0.028101 0.046875 0.101563
w_rpg_reference.BMP
  0 -21.737236 -2.452262 10.519204 0.875292 0.000000 -0.483595 0.156250 0.101563
  0 -21.774731 -2.392262 10.693256 0.745294 -0.666695 0.007400 0.156250 0.101563
  0 -18.088131 -2.452262 8.739418 0.057702 -0.997938 -0.028101 0.046875 0.101563
w_rpg_reference.BMP
  0 -18.088131 -2.452262 8.739418 0.057702 -0.997938 -0.028101 0.046875 0.101563
  0 -21.774731 -2.392262 10.693256 0.745294 -0.666695 0.007400 0.156250 0.101563
  0 -16.597677 -2.362262 8.168240 0.057702 -0.997938 -0.028101 0.007813 0.101563
w_rpg_reference.BMP
  0 -21.774731 -2.392262 10.693256 0.745294 -0.666695 0.007400 0.156250 0.101563
  0 -18.088131 -2.452262 8.739418 0.057702 -0.997938 -0.028101 0.046875 0.101563
  0 -16.597677 -2.362262 8.168240 0.057702 -0.997938 -0.028101 0.007813 0.101563
w_rpg_reference.BMP
  0 -16.597677 -2.362262 8.168240 0.057702 -0.997938 -0.028101 0.007813 0.101563
  0 -18.088131 -2.452262 8.739418 0.057702 -0.997938 -0.028101 0.046875 0.101563
  0 -18.451979 -2.452262 7.993419 0.057702 -0.997938 -0.028101 0.046875 0.101563
w_rpg_reference.BMP
  0 -7.119936 -34.972260 9.898597 -0.369209 0.006600 0.929323 0.164063 0.382813
  0 -5.738907 -34.972260 9.992720 0.600288 0.000000 0.799784 0.164063 0.320313
  0 -5.738907 -29.952263 9.992720 0.260612 0.000000 0.965444 0.015625 0.320313
w_rpg_reference.BMP
  0 -5.738907 -29.952263 9.992720 0.260612 0.000000 0.965444 0.015625 0.320313
  0 -5.738907 -34.972260 9.992720 0.600288 0.000000 0.799784 0.164063 0.320313
  0 -4.962830 -29.952263 8.846506 0.966411 0.000000 0.257003 0.015625 0.296875
w_rpg_reference.BMP
  0 -5.738907 -34.972260 9.992720 0.600288 0.000000 0.799784 0.164063 0.320313
  0 -4.962830 -34.972260 8.846506 0.992774 0.000000 -0.119997 0.164063 0.296875
  0 -4.962830 -29.952263 8.846506 0.966411 0.000000 0.257003 0.015625 0.296875
w_rpg_reference.BMP
  0 -4.962830 -29.952263 8.846506 0.966411 0.000000 0.257003 0.015625 0.296875
  0 -4.962830 -34.972260 8.846506 0.992774 0.000000 -0.119997 0.164063 0.296875
  0 -5.572165 -29.952263 7.597183 0.705806 0.000000 -0.708406 0.015625 0.343750
w_rpg_reference.BMP
  0 -4.962830 -34.972260 8.846506 0.992774 0.000000 -0.119997 0.164063 0.296875
  0 -5.572165 -34.972260 7.597183 0.392398 0.000000 -0.919795 0.164063 0.343750
  0 -5.572165 -29.952263 7.597183 0.705806 0.000000 -0.708406 0.015625 0.343750
w_rpg_reference.BMP
  0 -5.572165 -29.952263 7.597183 0.705806 0.000000 -0.708406 0.015625 0.343750
  0 -5.572165 -34.972260 7.597183 0.392398 0.000000 -0.919795 0.164063 0.343750
  0 -6.953195 -29.952263 7.503059 -0.238204 0.000000 -0.971215 0.015625 0.406250
w_rpg_reference.BMP
  0 -5.572165 -34.972260 7.597183 0.392398 0.000000 -0.919795 0.164063 0.343750
  0 -6.953195 -34.972260 7.503059 -0.600288 0.000000 -0.799784 0.164063 0.406250
  0 -6.953195 -29.952263 7.503059 -0.238204 0.000000 -0.971215 0.015625 0.406250
w_rpg_reference.BMP
  0 -6.953195 -29.952263 7.503059 -0.238204 0.000000 -0.971215 0.015625 0.406250
  0 -6.953195 -34.972260 7.503059 -0.600288 0.000000 -0.799784 0.164063 0.406250
  0 -7.729271 -29.952263 8.649273 -0.966411 0.000000 -0.257003 0.015625 0.421875
w_rpg_reference.BMP
  0 -6.953195 -34.972260 7.503059 -0.600288 0.000000 -0.799784 0.164063 0.406250
  0 -7.729271 -34.972260 8.649273 -0.992774 0.000000 0.119997 0.164063 0.421875
  0 -7.729271 -29.952263 8.649273 -0.966411 0.000000 -0.257003 0.015625 0.421875
w_rpg_reference.BMP
  0 -7.729271 -29.952263 8.649273 -0.966411 0.000000 -0.257003 0.015625 0.421875
  0 -7.729271 -34.972260 8.649273 -0.992774 0.000000 0.119997 0.164063 0.421875
  0 -7.119936 -29.952263 9.898597 -0.705806 0.000000 0.708406 0.015625 0.382813
w_rpg_reference.BMP
  0 -7.729271 -34.972260 8.649273 -0.992774 0.000000 0.119997 0.164063 0.421875
  0 -7.119936 -34.972260 9.898597 -0.369209 0.006600 0.929323 0.164063 0.382813
  0 -7.119936 -29.952263 9.898597 -0.705806 0.000000 0.708406 0.015625 0.382813
w_rpg_reference.BMP
  0 -7.119936 -29.952263 9.898597 -0.705806 0.000000 0.708406 0.015625 0.382813
  0 -7.119936 -34.972260 9.898597 -0.369209 0.006600 0.929323 0.164063 0.382813
  0 -5.738907 -29.952263 9.992720 0.260612 0.000000 0.965444 0.015625 0.320313
w_rpg_reference.BMP
  0 -15.716090 19.257738 5.846838 -0.941642 -0.000400 -0.336615 0.789063 0.828125
  0 -14.939518 28.307737 3.743547 -0.641786 0.000000 -0.766884 0.921875 0.750000
  0 -14.939518 -26.622263 3.743547 -0.826517 -0.000300 -0.562912 0.117188 0.750000
w_rpg_reference.BMP
  0 -14.939518 -26.622263 3.743547 -0.826517 -0.000300 -0.562912 0.117188 0.750000
  0 -14.939518 28.307737 3.743547 -0.641786 0.000000 -0.766884 0.921875 0.750000
  0 -12.935428 -26.622263 2.788339 -0.188399 0.000000 -0.982093 0.117188 0.640625
w_rpg_reference.BMP
  0 -14.939518 28.307737 3.743547 -0.641786 0.000000 -0.766884 0.921875 0.750000
  0 -12.935428 28.307737 2.788339 0.084701 0.000000 -0.996406 0.921875 0.640625
  0 -12.935428 -26.622263 2.788339 -0.188399 0.000000 -0.982093 0.117188 0.640625
w_rpg_reference.BMP
  0 -12.935428 -26.622263 2.788339 -0.188399 0.000000 -0.982093 0.117188 0.640625
  0 -12.935428 28.307737 2.788339 0.084701 0.000000 -0.996406 0.921875 0.640625
  0 -10.858659 -26.622263 3.533343 0.561191 0.000000 -0.827686 0.117188 0.523438
w_rpg_reference.BMP
  0 -12.935428 28.307737 2.788339 0.084701 0.000000 -0.996406 0.921875 0.640625
  0 -10.858659 28.307737 3.533343 0.764512 0.000000 -0.644610 0.921875 0.523438
  0 -10.858659 -26.622263 3.533343 0.561191 0.000000 -0.827686 0.117188 0.523438
w_rpg_reference.BMP
  0 -10.858659 -26.622263 3.533343 0.561191 0.000000 -0.827686 0.117188 0.523438
  0 -10.858659 28.307737 3.533343 0.764512 0.000000 -0.644610 0.921875 0.523438
  0 -9.907835 -26.622263 5.528445 0.982093 0.000000 -0.188399 0.117188 0.476563
w_rpg_reference.BMP
  0 -10.858659 28.307737 3.533343 0.764512 0.000000 -0.644610 0.921875 0.523438
  0 -9.907835 28.307737 5.528445 0.996406 0.000000 0.084701 0.921875 0.476563
  0 -9.907835 -26.622263 5.528445 0.982093 0.000000 -0.188399 0.117188 0.476563
w_rpg_reference.BMP
  0 -9.907835 -26.622263 5.528445 0.982093 0.000000 -0.188399 0.117188 0.476563
  0 -9.907835 28.307737 5.528445 0.996406 0.000000 0.084701 0.921875 0.476563
  0 -10.639466 -26.622263 7.609818 0.827686 0.000000 0.561191 0.117188 0.562500
w_rpg_reference.BMP
  0 -9.907835 28.307737 5.528445 0.996406 0.000000 0.084701 0.921875 0.476563
  0 -10.639466 28.307737 7.609818 0.644610 0.000000 0.764512 0.921875 0.562500
  0 -10.639466 -26.622263 7.609818 0.827686 0.000000 0.561191 0.117188 0.562500
w_rpg_reference.BMP
  0 -10.639466 -26.622263 7.609818 0.827686 0.000000 0.561191 0.117188 0.562500
  0 -10.639466 28.307737 7.609818 0.644610 0.000000 0.764512 0.921875 0.562500
  0 -12.634569 -26.622263 8.560642 0.188399 0.000000 0.982093 0.117188 0.671875
w_rpg_reference.BMP
  0 -10.639466 28.307737 7.609818 0.644610 0.000000 0.764512 0.921875 0.562500
  0 -12.634569 28.307737 8.560642 0.060199 -0.000500 0.998186 0.921875 0.671875
  0 -12.634569 -26.622263 8.560642 0.188399 0.000000 0.982093 0.117188 0.671875
w_rpg_reference.BMP
  0 -12.784998 28.907738 5.674490 0.000900 1.000000 0.000200 0.937500 0.718750
  0 -16.266747 32.137741 9.531099 0.352599 0.849897 -0.391599 0.976563 0.976563
  0 -12.514137 32.137741 10.860620 -0.027600 0.849909 -0.526206 0.976563 0.828125
w_rpg_reference.BMP
  0 -12.784998 28.907738 5.674490 0.000900 1.000000 0.000200 0.937500 0.718750
  0 -17.980116 32.137741 5.949735 0.526206 0.849909 -0.027600 0.976563 0.968750
  0 -16.266747 32.137741 9.531099 0.352599 0.849897 -0.391599 0.976563 0.976563
w_rpg_reference.BMP
  0 -12.784998 28.907738 5.674490 0.000900 1.000000 0.000200 0.937500 0.718750
  0 -16.650595 32.137741 2.197126 0.391599 0.849897 0.352599 0.976563 0.820313
  0 -17.980116 32.137741 5.949735 0.526206 0.849909 -0.027600 0.976563 0.968750
w_rpg_reference.BMP
  0 -12.784998 28.907738 5.674490 0.000900 1.000000 0.000200 0.937500 0.718750
  0 -13.055859 32.137741 0.488361 0.027600 0.849909 0.526206 0.976563 0.617188
  0 -16.650595 32.137741 2.197126 0.391599 0.849897 0.352599 0.976563 0.820313
w_rpg_reference.BMP
  0 -12.784998 28.907738 5.674490 0.000900 1.000000 0.000200 0.937500 0.718750
  0 -9.316622 32.137741 1.813278 -0.350496 0.849890 0.393496 0.976563 0.468750
  0 -13.055859 32.137741 0.488361 0.027600 0.849909 0.526206 0.976563 0.617188
w_rpg_reference.BMP
  0 -12.784998 28.907738 5.674490 0.000900 1.000000 0.000200 0.937500 0.718750
  0 -7.576289 32.137741 5.381491 -0.523600 0.851501 0.028100 0.976563 0.468750
  0 -9.316622 32.137741 1.813278 -0.350496 0.849890 0.393496 0.976563 0.468750
w_rpg_reference.BMP
  0 -12.784998 28.907738 5.674490 0.000900 1.000000 0.000200 0.937500 0.718750
  0 -8.923786 32.137741 9.142867 -0.390290 0.849878 -0.354091 0.976563 0.617188
  0 -7.576289 32.137741 5.381491 -0.523600 0.851501 0.028100 0.976563 0.468750
w_rpg_reference.BMP
  0 -12.784998 28.907738 5.674490 0.000900 1.000000 0.000200 0.937500 0.718750
  0 -12.514137 32.137741 10.860620 -0.027600 0.849909 -0.526206 0.976563 0.828125
  0 -8.923786 32.137741 9.142867 -0.390290 0.849878 -0.354091 0.976563 0.617188
w_rpg_reference.BMP
  0 -12.784998 -28.402262 5.674490 0.000000 -1.000000 0.000000 0.703125 0.335938
  0 -12.555743 -28.402262 10.090964 0.000000 -1.000000 0.000000 0.750000 0.359375
  0 -15.751347 -28.402262 8.968193 0.000000 -1.000000 0.000000 0.726563 0.382813
w_rpg_reference.BMP
  0 -12.784998 -28.402262 5.674490 0.000000 -1.000000 0.000000 0.703125 0.335938
  0 -9.495680 -28.402262 8.631851 0.000000 -1.000000 0.000000 0.750000 0.320313
  0 -12.555743 -28.402262 10.090964 0.000000 -1.000000 0.000000 0.750000 0.359375
w_rpg_reference.BMP
  0 -12.784998 -28.402262 5.674490 0.000000 -1.000000 0.000000 0.703125 0.335938
  0 -8.332573 -28.402262 5.427701 0.000000 -1.000000 0.000000 0.726563 0.289063
  0 -9.495680 -28.402262 8.631851 0.000000 -1.000000 0.000000 0.750000 0.320313
w_rpg_reference.BMP
  0 -12.784998 -28.402262 5.674490 0.000000 -1.000000 0.000000 0.703125 0.335938
  0 -9.836626 -28.402262 2.389555 0.000000 -1.000000 0.000000 0.687500 0.289063
  0 -8.332573 -28.402262 5.427701 0.000000 -1.000000 0.000000 0.726563 0.289063
w_rpg_reference.BMP
  0 -12.784998 -28.402262 5.674490 0.000000 -1.000000 0.000000 0.703125 0.335938
  0 -13.014254 -28.402262 1.258017 0.000000 -1.000000 0.000000 0.656250 0.312500
  0 -9.836626 -28.402262 2.389555 0.000000 -1.000000 0.000000 0.687500 0.289063
w_rpg_reference.BMP
  0 -12.784998 -28.402262 5.674490 0.000000 -1.000000 0.000000 0.703125 0.335938
  0 -16.074318 -28.402262 2.717130 0.000000 -1.000000 0.000000 0.656250 0.351563
  0 -13.014254 -28.402262 1.258017 0.000000 -1.000000 0.000000 0.656250 0.312500
w_rpg_reference.BMP
  0 -12.784998 -28.402262 5.674490 0.000000 -1.000000 0.000000 0.703125 0.335938
  0 -17.210461 -28.402262 5.908130 0.000000 -1.000000 0.000000 0.687500 0.382813
  0 -16.074318 -28.402262 2.717130 0.000000 -1.000000 0.000000 0.656250 0.351563
w_rpg_reference.BMP
  0 -12.784998 -28.402262 5.674490 0.000000 -1.000000 0.000000 0.703125 0.335938
  0 -15.751347 -28.402262 8.968193 0.000000 -1.000000 0.000000 0.726563 0.382813
  0 -17.210461 -28.402262 5.908130 0.000000 -1.000000 0.000000 0.687500 0.382813
w_rpg_reference.BMP
  0 -6.343859 -29.182262 8.752383 0.000900 1.000000 0.000200 0.000000 0.359375
  0 -7.119936 -29.952263 9.898597 -0.273000 0.872701 0.404801 0.015625 0.382813
  0 -5.738907 -29.952263 9.992720 0.214092 0.872666 0.438883 0.015625 0.320313
w_rpg_reference.BMP
  0 -6.343859 -29.182262 8.752383 0.000900 1.000000 0.000200 0.000000 0.359375
  0 -7.729271 -29.952263 8.649273 -0.487092 0.872685 -0.034099 0.015625 0.421875
  0 -7.119936 -29.952263 9.898597 -0.273000 0.872701 0.404801 0.015625 0.382813
w_rpg_reference.BMP
  0 -6.343859 -29.182262 8.752383 0.000900 1.000000 0.000200 0.000000 0.359375
  0 -6.953195 -29.952263 7.503059 -0.214092 0.872666 -0.438883 0.015625 0.406250
  0 -7.729271 -29.952263 8.649273 -0.487092 0.872685 -0.034099 0.015625 0.421875
w_rpg_reference.BMP
  0 -6.343859 -29.182262 8.752383 0.000900 1.000000 0.000200 0.000000 0.359375
  0 -5.572165 -29.952263 7.597183 0.273000 0.872701 -0.404801 0.015625 0.343750
  0 -6.953195 -29.952263 7.503059 -0.214092 0.872666 -0.438883 0.015625 0.406250
w_rpg_reference.BMP
  0 -6.343859 -29.182262 8.752383 0.000900 1.000000 0.000200 0.000000 0.359375
  0 -4.962830 -29.952263 8.846506 0.487092 0.872685 0.034099 0.015625 0.296875
  0 -5.572165 -29.952263 7.597183 0.273000 0.872701 -0.404801 0.015625 0.343750
w_rpg_reference.BMP
  0 -6.343859 -29.182262 8.752383 0.000900 1.000000 0.000200 0.000000 0.359375
  0 -5.738907 -29.952263 9.992720 0.214092 0.872666 0.438883 0.015625 0.320313
  0 -4.962830 -29.952263 8.846506 0.487092 0.872685 0.034099 0.015625 0.296875
w_rpg_reference.BMP
  0 -7.770389 2.967738 3.295460 0.000900 1.000000 0.000200 0.726563 0.070313
  0 -12.704768 2.967738 5.702116 0.000900 1.000000 0.000200 0.726563 0.351563
  0 -6.244858 2.967738 6.423264 0.000900 1.000000 0.000200 0.601563 0.070313
w_rpg_reference.BMP
  0 -6.244858 2.967738 6.423264 0.000900 1.000000 0.000200 0.601563 0.070313
  0 -12.704768 2.967738 5.702116 0.000900 1.000000 0.000200 0.726563 0.351563
  0 -11.179237 2.967738 8.829920 0.000900 1.000000 0.000200 0.601563 0.351563
w_rpg_reference.BMP
  0 -12.704768 2.967738 5.702116 0.000900 1.000000 0.000200 0.726563 0.351563
  0 -13.687983 2.967738 6.537694 0.000900 1.000000 0.000200 0.726563 0.429688
  0 -11.179237 2.967738 8.829920 0.000900 1.000000 0.000200 0.601563 0.351563
w_rpg_reference.BMP
  0 -11.179237 2.967738 8.829920 0.000900 1.000000 0.000200 0.601563 0.351563
  0 -13.687983 2.967738 6.537694 0.000900 1.000000 0.000200 0.726563 0.429688
  0 -12.447392 2.967738 9.081282 0.000900 1.000000 0.000200 0.601563 0.429688
w_rpg_reference.BMP
  0 -7.119936 -34.972260 9.898597 0.000000 -1.000000 0.000000 0.101563 0.101563
  0 -4.962830 -34.972260 8.846506 0.000000 -1.000000 0.000000 0.101563 0.031250
  0 -5.738907 -34.972260 9.992720 0.000000 -1.000000 0.000000 0.117188 0.062500
w_rpg_reference.BMP
  0 -7.119936 -34.972260 9.898597 0.000000 -1.000000 0.000000 0.101563 0.101563
  0 -5.572165 -34.972260 7.597183 0.000000 -1.000000 0.000000 0.062500 0.031250
  0 -4.962830 -34.972260 8.846506 0.000000 -1.000000 0.000000 0.101563 0.031250
w_rpg_reference.BMP
  0 -7.119936 -34.972260 9.898597 0.000000 -1.000000 0.000000 0.101563 0.101563
  0 -6.953195 -34.972260 7.503059 0.000000 -1.000000 0.000000 0.046875 0.062500
  0 -5.572165 -34.972260 7.597183 0.000000 -1.000000 0.000000 0.062500 0.031250
w_rpg_reference.BMP
  0 -7.119936 -34.972260 9.898597 0.000000 -1.000000 0.000000 0.101563 0.101563
  0 -7.729271 -34.972260 8.649273 0.000000 -1.000000 0.000000 0.062500 0.101563
  0 -6.953195 -34.972260 7.503059 0.000000 -1.000000 0.000000 0.046875 0.062500
w_rpg_reference.BMP
  0 -8.328984 -26.352262 7.784666 -0.875207 0.090001 0.475304 0.125000 0.085938
  0 -9.719609 -24.552261 6.849646 0.004000 0.209002 0.977907 0.156250 0.085938
  0 -8.887974 -26.522263 7.779153 0.793500 0.255800 -0.552200 0.125000 0.109375
w_rpg_reference.BMP
  0 -8.887974 -26.522263 7.779153 0.793500 0.255800 -0.552200 0.125000 0.109375
  0 -9.719609 -24.552261 6.849646 0.004000 0.209002 0.977907 0.156250 0.085938
  0 -9.998923 -24.552261 7.508800 0.151200 -0.291000 -0.944700 0.156250 0.109375
w_rpg_reference.BMP
  0 -9.719609 -24.552261 6.849646 0.004000 0.209002 0.977907 0.156250 0.085938
  0 -8.328984 -26.352262 7.784666 -0.875207 0.090001 0.475304 0.125000 0.085938
  0 -9.998923 -24.552261 7.508800 0.151200 -0.291000 -0.944700 0.156250 0.109375
w_rpg_reference.BMP
  0 -9.998923 -24.552261 7.508800 0.151200 -0.291000 -0.944700 0.156250 0.109375
  0 -8.328984 -26.352262 7.784666 -0.875207 0.090001 0.475304 0.125000 0.085938
  0 -8.887974 -26.522263 7.779153 0.793500 0.255800 -0.552200 0.125000 0.109375
w_rpg_reference.BMP
  0 -6.993804 -27.132261 8.446325 0.763486 0.566890 -0.309394 0.085938 0.085938
  0 -8.328984 -26.352262 7.784666 -0.875207 0.090001 0.475304 0.125000 0.085938
  0 -7.486377 -27.392262 8.508553 -0.951204 -0.269201 0.150801 0.085938 0.109375
w_rpg_reference.BMP
  0 -7.486377 -27.392262 8.508553 -0.951204 -0.269201 0.150801 0.085938 0.109375
  0 -8.328984 -26.352262 7.784666 -0.875207 0.090001 0.475304 0.125000 0.085938
  0 -8.887974 -26.522263 7.779153 0.793500 0.255800 -0.552200 0.125000 0.109375
w_rpg_reference.BMP
  0 -8.328984 -26.352262 7.784666 -0.875207 0.090001 0.475304 0.125000 0.085938
  0 -6.993804 -27.132261 8.446325 0.763486 0.566890 -0.309394 0.085938 0.085938
  0 -8.887974 -26.522263 7.779153 0.793500 0.255800 -0.552200 0.125000 0.109375
w_rpg_reference.BMP
  0 -8.887974 -26.522263 7.779153 0.793500 0.255800 -0.552200 0.125000 0.109375
  0 -6.993804 -27.132261 8.446325 0.763486 0.566890 -0.309394 0.085938 0.085938
  0 -7.486377 -27.392262 8.508553 -0.951204 -0.269201 0.150801 0.085938 0.109375
w_rpg_reference.BMP
  0 -6.381134 -27.932262 8.904076 -0.158703 -0.968517 0.191803 0.046875 0.085938
  0 -6.993804 -27.132261 8.446325 0.763486 0.566890 -0.309394 0.085938 0.085938
  0 -6.892123 -28.042263 9.019790 0.503904 0.853706 -0.131401 0.046875 0.109375
w_rpg_reference.BMP
  0 -6.892123 -28.042263 9.019790 0.503904 0.853706 -0.131401 0.046875 0.109375
  0 -6.993804 -27.132261 8.446325 0.763486 0.566890 -0.309394 0.085938 0.085938
  0 -7.486377 -27.392262 8.508553 -0.951204 -0.269201 0.150801 0.085938 0.109375
w_rpg_reference.BMP
  0 -6.993804 -27.132261 8.446325 0.763486 0.566890 -0.309394 0.085938 0.085938
  0 -6.381134 -27.932262 8.904076 -0.158703 -0.968517 0.191803 0.046875 0.085938
  0 -7.486377 -27.392262 8.508553 -0.951204 -0.269201 0.150801 0.085938 0.109375
w_rpg_reference.BMP
  0 -7.486377 -27.392262 8.508553 -0.951204 -0.269201 0.150801 0.085938 0.109375
  0 -6.381134 -27.932262 8.904076 -0.158703 -0.968517 0.191803 0.046875 0.085938
  0 -6.892123 -28.042263 9.019790 0.503904 0.853706 -0.131401 0.046875 0.109375
w_rpg_reference.BMP
  0 -6.168069 -29.932262 9.067182 -0.188399 0.000000 -0.982093 0.000000 0.085938
  0 -6.381134 -27.932262 8.904076 -0.158703 -0.968517 0.191803 0.046875 0.085938
  0 -6.814734 -29.922262 8.881910 0.234397 0.071799 0.969486 0.000000 0.109375
w_rpg_reference.BMP
  0 -6.814734 -29.922262 8.881910 0.234397 0.071799 0.969486 0.000000 0.109375
  0 -6.381134 -27.932262 8.904076 -0.158703 -0.968517 0.191803 0.046875 0.085938
  0 -6.892123 -28.042263 9.019790 0.503904 0.853706 -0.131401 0.046875 0.109375
w_rpg_reference.BMP
  0 -6.381134 -27.932262 8.904076 -0.158703 -0.968517 0.191803 0.046875 0.085938
  0 -6.168069 -29.932262 9.067182 -0.188399 0.000000 -0.982093 0.000000 0.085938
  0 -6.892123 -28.042263 9.019790 0.503904 0.853706 -0.131401 0.046875 0.109375
w_rpg_reference.BMP
  0 -6.892123 -28.042263 9.019790 0.503904 0.853706 -0.131401 0.046875 0.109375
  0 -6.168069 -29.932262 9.067182 -0.188399 0.000000 -0.982093 0.000000 0.085938
  0 -6.814734 -29.922262 8.881910 0.234397 0.071799 0.969486 0.000000 0.109375
w_rpg_reference.BMP
  0 -16.369724 -9.772262 8.635612 -0.902592 0.000800 0.430496 0.359375 0.914063
  0 -16.351748 17.587738 8.626845 -0.902592 0.000800 0.430496 0.773438 0.914063
  0 -17.324932 -9.772262 6.631522 -0.902592 0.000800 0.430496 0.375000 0.992188
w_rpg_reference.BMP
  0 -17.324932 -9.772262 6.631522 -0.902592 0.000800 0.430496 0.375000 0.992188
  0 -16.351748 17.587738 8.626845 -0.902592 0.000800 0.430496 0.773438 0.914063
  0 -17.306955 17.587738 6.622755 -0.902592 0.000800 0.430496 0.773438 0.992188
w_rpg_reference.BMP
  0 -14.724931 -26.622263 7.833394 -0.219090 0.754565 0.618572 0.117188 0.789063
  0 -16.221586 -28.422262 9.486821 -0.219090 0.754565 0.618572 0.000000 0.796875
  0 -12.634569 -26.622263 8.560642 -0.219090 0.754565 0.618572 0.117188 0.671875
w_rpg_reference.BMP
  0 -12.634569 -26.622263 8.560642 -0.219090 0.754565 0.618572 0.117188 0.671875
  0 -16.221586 -28.422262 9.486821 -0.219090 0.754565 0.618572 0.000000 0.796875
  0 -12.522464 -28.422262 10.797925 -0.219090 0.754565 0.618572 0.000000 0.671875
w_rpg_reference.BMP
  0 -15.680138 -26.622263 5.829303 -0.592286 0.754582 0.282493 0.117188 0.828125
  0 -17.913036 -28.422262 5.950397 -0.592286 0.754582 0.282493 0.000000 0.828125
  0 -14.724931 -26.622263 7.833394 -0.592286 0.754582 0.282493 0.117188 0.789063
w_rpg_reference.BMP
  0 -14.724931 -26.622263 7.833394 -0.592286 0.754582 0.282493 0.117188 0.789063
  0 -17.913036 -28.422262 5.950397 -0.592286 0.754582 0.282493 0.000000 0.828125
  0 -16.221586 -28.422262 9.486821 -0.592286 0.754582 0.282493 0.000000 0.796875
w_rpg_reference.BMP
  0 -14.939518 -26.622263 3.743547 -0.618618 0.754522 -0.219106 0.117188 0.750000
  0 -16.606316 -28.422262 2.242286 -0.618618 0.754522 -0.219106 0.000000 0.750000
  0 -15.680138 -26.622263 5.829303 -0.618618 0.754522 -0.219106 0.117188 0.828125
w_rpg_reference.BMP
  0 -15.680138 -26.622263 5.829303 -0.618618 0.754522 -0.219106 0.117188 0.828125
  0 -16.606316 -28.422262 2.242286 -0.618618 0.754522 -0.219106 0.000000 0.750000
  0 -17.913036 -28.422262 5.950397 -0.618618 0.754522 -0.219106 0.000000 0.828125
w_rpg_reference.BMP
  0 -12.935428 -26.622263 2.788339 -0.282590 0.754473 -0.592379 0.117188 0.640625
  0 -13.060905 -28.422262 0.546452 -0.282590 0.754473 -0.592379 0.000000 0.640625
  0 -14.939518 -26.622263 3.743547 -0.282590 0.754473 -0.592379 0.117188 0.750000
w_rpg_reference.BMP
  0 -14.939518 -26.622263 3.743547 -0.282590 0.754473 -0.592379 0.117188 0.750000
  0 -13.060905 -28.422262 0.546452 -0.282590 0.754473 -0.592379 0.000000 0.640625
  0 -16.606316 -28.422262 2.242286 -0.282590 0.754473 -0.592379 0.000000 0.750000
w_rpg_reference.BMP
  0 -10.858659 -26.622263 3.533343 0.219109 0.754432 -0.618727 0.117188 0.523438
  0 -9.357398 -28.422262 1.866544 0.219109 0.754432 -0.618727 0.000000 0.515625
  0 -12.935428 -26.622263 2.788339 0.219109 0.754432 -0.618727 0.117188 0.640625
w_rpg_reference.BMP
  0 -12.935428 -26.622263 2.788339 0.219109 0.754432 -0.618727 0.117188 0.640625
  0 -9.357398 -28.422262 1.866544 0.219109 0.754432 -0.618727 0.000000 0.515625
  0 -13.060905 -28.422262 0.546452 0.219109 0.754432 -0.618727 0.000000 0.640625
w_rpg_reference.BMP
  0 -9.907835 -26.622263 5.528445 0.585379 0.761173 -0.279190 0.117188 0.476563
  0 -7.629996 -28.422262 5.385434 0.585379 0.761173 -0.279190 0.000000 0.476563
  0 -10.858659 -26.622263 3.533343 0.585379 0.761173 -0.279190 0.117188 0.523438
w_rpg_reference.BMP
  0 -10.858659 -26.622263 3.533343 0.585379 0.761173 -0.279190 0.117188 0.523438
  0 -7.629996 -28.422262 5.385434 0.585379 0.761173 -0.279190 0.000000 0.476563
  0 -9.357398 -28.422262 1.866544 0.585379 0.761173 -0.279190 0.000000 0.515625
w_rpg_reference.BMP
  0 -10.639466 -26.622263 7.609818 0.618727 0.754432 0.219109 0.117188 0.562500
  0 -8.977052 -28.422262 9.102091 0.618727 0.754432 0.219109 0.000000 0.562500
  0 -9.907835 -26.622263 5.528445 0.618727 0.754432 0.219109 0.117188 0.476563
w_rpg_reference.BMP
  0 -9.907835 -26.622263 5.528445 0.618727 0.754432 0.219109 0.117188 0.476563
  0 -8.977052 -28.422262 9.102091 0.618727 0.754432 0.219109 0.000000 0.562500
  0 -7.629996 -28.422262 5.385434 0.618727 0.754432 0.219109 0.000000 0.476563
w_rpg_reference.BMP
  0 -12.634569 -26.622263 8.560642 0.282590 0.754473 0.592379 0.117188 0.671875
  0 -12.522464 -28.422262 10.797925 0.282590 0.754473 0.592379 0.000000 0.671875
  0 -10.639466 -26.622263 7.609818 0.282590 0.754473 0.592379 0.117188 0.562500
w_rpg_reference.BMP
  0 -10.639466 -26.622263 7.609818 0.282590 0.754473 0.592379 0.117188 0.562500
  0 -12.522464 -28.422262 10.797925 0.282590 0.754473 0.592379 0.000000 0.671875
  0 -8.977052 -28.422262 9.102091 0.282590 0.754473 0.592379 0.000000 0.562500
w_rpg_reference.BMP
  0 -12.634569 28.307737 8.560642 -0.247012 -0.672632 0.697533 0.929688 0.781250
  0 -12.503854 30.967737 11.178258 -0.247012 -0.672632 0.697533 0.968750 0.835938
  0 -14.724931 28.307737 7.833394 -0.247012 -0.672632 0.697533 0.929688 0.859375
w_rpg_reference.BMP
  0 -14.724931 28.307737 7.833394 -0.247012 -0.672632 0.697533 0.929688 0.859375
  0 -12.503854 30.967737 11.178258 -0.247012 -0.672632 0.697533 0.968750 0.835938
  0 -16.474792 30.967737 9.766082 -0.247012 -0.672632 0.697533 0.968750 0.992188
w_rpg_reference.BMP
  0 -14.724931 28.307737 7.833394 -0.667904 -0.672604 0.318602 0.929688 0.859375
  0 -16.474792 30.967737 9.766082 -0.667904 -0.672604 0.318602 0.968750 0.992188
  0 -15.680138 28.307737 5.829303 -0.667904 -0.672604 0.318602 0.929688 0.859375
w_rpg_reference.BMP
  0 -15.680138 28.307737 5.829303 -0.667904 -0.672604 0.318602 0.929688 0.859375
  0 -16.474792 30.967737 9.766082 -0.667904 -0.672604 0.318602 0.968750 0.992188
  0 -18.293369 30.967737 5.969007 -0.667904 -0.672604 0.318602 0.968750 0.984375
w_rpg_reference.BMP
  0 -15.680138 28.307737 5.829303 -0.697533 -0.672632 -0.247012 0.929688 0.859375
  0 -18.293369 30.967737 5.969007 -0.697533 -0.672632 -0.247012 0.968750 0.984375
  0 -14.939518 28.307737 3.743547 -0.697533 -0.672632 -0.247012 0.929688 0.781250
w_rpg_reference.BMP
  0 -14.939518 28.307737 3.743547 -0.697533 -0.672632 -0.247012 0.929688 0.781250
  0 -18.293369 30.967737 5.969007 -0.697533 -0.672632 -0.247012 0.968750 0.984375
  0 -16.885578 30.967737 1.989080 -0.697533 -0.672632 -0.247012 0.968750 0.828125
w_rpg_reference.BMP
  0 -14.939518 28.307737 3.743547 -0.318602 -0.672604 -0.667904 0.929688 0.781250
  0 -16.885578 30.967737 1.989080 -0.318602 -0.672604 -0.667904 0.968750 0.828125
  0 -12.935428 28.307737 2.788339 -0.318602 -0.672604 -0.667904 0.929688 0.664063
w_rpg_reference.BMP
  0 -12.935428 28.307737 2.788339 -0.318602 -0.672604 -0.667904 0.929688 0.664063
  0 -16.885578 30.967737 1.989080 -0.318602 -0.672604 -0.667904 0.968750 0.828125
  0 -13.075131 30.967737 0.175107 -0.318602 -0.672604 -0.667904 0.968750 0.609375
w_rpg_reference.BMP
  0 -12.935428 28.307737 2.788339 0.247012 -0.672632 -0.697533 0.929688 0.664063
  0 -13.075131 30.967737 0.175107 0.247012 -0.672632 -0.697533 0.968750 0.609375
  0 -10.858659 28.307737 3.533343 0.247012 -0.672632 -0.697533 0.929688 0.578125
w_rpg_reference.BMP
  0 -10.858659 28.307737 3.533343 0.247012 -0.672632 -0.697533 0.929688 0.578125
  0 -13.075131 30.967737 0.175107 0.247012 -0.672632 -0.697533 0.968750 0.609375
  0 -9.104192 30.967737 1.587283 0.247012 -0.672632 -0.697533 0.968750 0.453125
w_rpg_reference.BMP
  0 -10.858659 28.307737 3.533343 0.667904 -0.672604 -0.318602 0.929688 0.578125
  0 -9.104192 30.967737 1.587283 0.667904 -0.672604 -0.318602 0.968750 0.453125
  0 -9.907835 28.307737 5.528445 0.667904 -0.672604 -0.318602 0.929688 0.585938
w_rpg_reference.BMP
  0 -9.907835 28.307737 5.528445 0.667904 -0.672604 -0.318602 0.929688 0.585938
  0 -9.104192 30.967737 1.587283 0.667904 -0.672604 -0.318602 0.968750 0.453125
  0 -7.258651 30.967737 5.371207 0.667904 -0.672604 -0.318602 0.968750 0.453125
w_rpg_reference.BMP
  0 -9.907835 28.307737 5.528445 0.693961 -0.676762 0.245786 0.929688 0.585938
  0 -7.258651 30.967737 5.371207 0.693961 -0.676762 0.245786 0.968750 0.453125
  0 -10.639466 28.307737 7.609818 0.693961 -0.676762 0.245786 0.929688 0.664063
w_rpg_reference.BMP
  0 -10.639466 28.307737 7.609818 0.693961 -0.676762 0.245786 0.929688 0.664063
  0 -7.258651 30.967737 5.371207 0.693961 -0.676762 0.245786 0.968750 0.453125
  0 -8.697791 30.967737 9.355297 0.693961 -0.676762 0.245786 0.968750 0.617188
w_rpg_reference.BMP
  0 -10.639466 28.307737 7.609818 0.318602 -0.672604 0.667904 0.929688 0.664063
  0 -8.697791 30.967737 9.355297 0.318602 -0.672604 0.667904 0.968750 0.617188
  0 -12.634569 28.307737 8.560642 0.318602 -0.672604 0.667904 0.929688 0.781250
w_rpg_reference.BMP
  0 -12.634569 28.307737 8.560642 0.318602 -0.672604 0.667904 0.929688 0.781250
  0 -8.697791 30.967737 9.355297 0.318602 -0.672604 0.667904 0.968750 0.617188
  0 -12.503854 30.967737 11.178258 0.318602 -0.672604 0.667904 0.968750 0.835938
w_rpg_reference.BMP
  0 -12.503854 30.967737 11.178258 -0.324009 0.240307 0.915025 0.968750 0.835938
  0 -12.514137 32.137741 10.860620 -0.324009 0.240307 0.915025 0.984375 0.828125
  0 -16.474792 30.967737 9.766082 -0.324009 0.240307 0.915025 0.968750 0.992188
w_rpg_reference.BMP
  0 -16.474792 30.967737 9.766082 -0.324009 0.240307 0.915025 0.968750 0.992188
  0 -12.514137 32.137741 10.860620 -0.324009 0.240307 0.915025 0.984375 0.828125
  0 -16.266747 32.137741 9.531099 -0.324009 0.240307 0.915025 0.984375 0.976563
w_rpg_reference.BMP
  0 -16.474792 30.967737 9.766082 -0.876128 0.240308 0.417913 0.968750 0.992188
  0 -16.266747 32.137741 9.531099 -0.876128 0.240308 0.417913 0.984375 0.976563
  0 -18.293369 30.967737 5.969007 -0.876128 0.240308 0.417913 0.968750 0.984375
w_rpg_reference.BMP
  0 -18.293369 30.967737 5.969007 -0.876128 0.240308 0.417913 0.968750 0.984375
  0 -16.266747 32.137741 9.531099 -0.876128 0.240308 0.417913 0.984375 0.976563
  0 -17.980116 32.137741 5.949735 -0.876128 0.240308 0.417913 0.984375 0.968750
w_rpg_reference.BMP
  0 -18.293369 30.967737 5.969007 -0.915025 0.240307 -0.324009 0.968750 0.984375
  0 -17.980116 32.137741 5.949735 -0.915025 0.240307 -0.324009 0.984375 0.968750
  0 -16.885578 30.967737 1.989080 -0.915025 0.240307 -0.324009 0.968750 0.828125
w_rpg_reference.BMP
  0 -16.885578 30.967737 1.989080 -0.915025 0.240307 -0.324009 0.968750 0.828125
  0 -17.980116 32.137741 5.949735 -0.915025 0.240307 -0.324009 0.984375 0.968750
  0 -16.650595 32.137741 2.197126 -0.915025 0.240307 -0.324009 0.984375 0.820313
w_rpg_reference.BMP
  0 -16.885578 30.967737 1.989080 -0.417913 0.240308 -0.876128 0.968750 0.828125
  0 -16.650595 32.137741 2.197126 -0.417913 0.240308 -0.876128 0.984375 0.820313
  0 -13.075131 30.967737 0.175107 -0.417913 0.240308 -0.876128 0.968750 0.609375
w_rpg_reference.BMP
  0 -13.075131 30.967737 0.175107 -0.417913 0.240308 -0.876128 0.968750 0.609375
  0 -16.650595 32.137741 2.197126 -0.417913 0.240308 -0.876128 0.984375 0.820313
  0 -13.055859 32.137741 0.488361 -0.417913 0.240308 -0.876128 0.984375 0.617188
w_rpg_reference.BMP
  0 -13.075131 30.967737 0.175107 0.324009 0.240307 -0.915025 0.968750 0.609375
  0 -13.055859 32.137741 0.488361 0.324009 0.240307 -0.915025 0.984375 0.617188
  0 -9.104192 30.967737 1.587283 0.324009 0.240307 -0.915025 0.968750 0.453125
w_rpg_reference.BMP
  0 -9.104192 30.967737 1.587283 0.324009 0.240307 -0.915025 0.968750 0.453125
  0 -13.055859 32.137741 0.488361 0.324009 0.240307 -0.915025 0.984375 0.617188
  0 -9.316622 32.137741 1.813278 0.324009 0.240307 -0.915025 0.984375 0.468750
w_rpg_reference.BMP
  0 -9.104192 30.967737 1.587283 0.872045 0.241185 -0.425873 0.968750 0.453125
  0 -9.316622 32.137741 1.813278 0.872045 0.241185 -0.425873 0.984375 0.468750
  0 -7.258651 30.967737 5.371207 0.872045 0.241185 -0.425873 0.968750 0.453125
w_rpg_reference.BMP
  0 -7.258651 30.967737 5.371207 0.872045 0.241185 -0.425873 0.968750 0.453125
  0 -9.316622 32.137741 1.813278 0.872045 0.241185 -0.425873 0.984375 0.468750
  0 -7.576289 32.137741 5.381491 0.872045 0.241185 -0.425873 0.984375 0.468750
w_rpg_reference.BMP
  0 -7.258651 30.967737 5.371207 0.913081 0.239695 0.329893 0.968750 0.453125
  0 -7.576289 32.137741 5.381491 0.913081 0.239695 0.329893 0.984375 0.468750
  0 -8.697791 30.967737 9.355297 0.913081 0.239695 0.329893 0.968750 0.617188
w_rpg_reference.BMP
  0 -8.697791 30.967737 9.355297 0.913081 0.239695 0.329893 0.968750 0.617188
  0 -7.576289 32.137741 5.381491 0.913081 0.239695 0.329893 0.984375 0.468750
  0 -8.923786 32.137741 9.142867 0.913081 0.239695 0.329893 0.984375 0.617188
w_rpg_reference.BMP
  0 -8.697791 30.967737 9.355297 0.417913 0.240308 0.876128 0.968750 0.617188
  0 -8.923786 32.137741 9.142867 0.417913 0.240308 0.876128 0.984375 0.617188
  0 -12.503854 30.967737 11.178258 0.417913 0.240308 0.876128 0.968750 0.835938
w_rpg_reference.BMP
  0 -12.503854 30.967737 11.178258 0.417913 0.240308 0.876128 0.968750 0.835938
  0 -8.923786 32.137741 9.142867 0.417913 0.240308 0.876128 0.984375 0.617188
  0 -12.514137 32.137741 10.860620 0.417913 0.240308 0.876128 0.984375 0.828125
w_rpg_reference.BMP
  0 -15.680138 -11.422262 5.829303 -0.902592 0.000800 0.430496 0.343750 0.828125
  0 -15.680138 -26.622263 5.829303 -0.902592 0.000800 0.430496 0.117188 0.828125
  0 -14.724931 -11.422262 7.833394 -0.902592 0.000800 0.430496 0.343750 0.789063
w_rpg_reference.BMP
  0 -14.724931 -11.422262 7.833394 -0.902592 0.000800 0.430496 0.343750 0.789063
  0 -15.680138 -26.622263 5.829303 -0.902592 0.000800 0.430496 0.117188 0.828125
  0 -14.724931 -26.622263 7.833394 -0.902592 0.000800 0.430496 0.117188 0.789063
w_rpg_reference.BMP
  0 -15.680138 28.307737 5.829303 -0.902592 0.000800 0.430496 0.921875 0.828125
  0 -15.716090 19.257738 5.846838 -0.902592 0.000800 0.430496 0.789063 0.828125
  0 -14.724931 28.307737 7.833394 -0.902592 0.000800 0.430496 0.921875 0.789063
w_rpg_reference.BMP
  0 -14.724931 28.307737 7.833394 -0.902592 0.000800 0.430496 0.921875 0.789063
  0 -15.716090 19.257738 5.846838 -0.902592 0.000800 0.430496 0.789063 0.828125
  0 -14.751894 19.257738 7.846545 -0.902592 0.000800 0.430496 0.789063 0.796875
w_rpg_reference.BMP
  0 -14.751894 19.257738 7.846545 0.438392 0.000000 0.898784 0.796875 0.835938
  0 -16.351748 17.587738 8.626845 0.438392 0.000000 0.898784 0.773438 0.914063
  0 -14.724931 -11.422262 7.833394 0.438392 0.000000 0.898784 0.335938 0.835938
w_rpg_reference.BMP
  0 -14.724931 -11.422262 7.833394 0.438392 0.000000 0.898784 0.335938 0.835938
  0 -16.351748 17.587738 8.626845 0.438392 0.000000 0.898784 0.773438 0.914063
  0 -16.369724 -9.772262 8.635612 0.438392 0.000000 0.898784 0.359375 0.914063
w_rpg_reference.BMP
  0 -14.724931 -11.422262 7.833394 -0.605407 -0.741709 0.288704 0.335938 0.835938
  0 -16.369724 -9.772262 8.635612 -0.605407 -0.741709 0.288704 0.359375 0.914063
  0 -15.680138 -11.422262 5.829303 -0.605407 -0.741709 0.288704 0.335938 0.835938
w_rpg_reference.BMP
  0 -15.680138 -11.422262 5.829303 -0.605407 -0.741709 0.288704 0.335938 0.835938
  0 -16.369724 -9.772262 8.635612 -0.605407 -0.741709 0.288704 0.359375 0.914063
  0 -17.324932 -9.772262 6.631522 -0.605407 -0.741709 0.288704 0.359375 0.914063
w_rpg_reference.BMP
  0 -15.680138 -11.422262 5.829303 -0.438392 0.000000 -0.898784 0.335938 0.835938
  0 -17.324932 -9.772262 6.631522 -0.438392 0.000000 -0.898784 0.359375 0.914063
  0 -15.716090 19.257738 5.846838 -0.438392 0.000000 -0.898784 0.796875 0.835938
w_rpg_reference.BMP
  0 -15.716090 19.257738 5.846838 -0.438392 0.000000 -0.898784 0.796875 0.835938
  0 -17.324932 -9.772262 6.631522 -0.438392 0.000000 -0.898784 0.359375 0.914063
  0 -17.306955 17.587738 6.622755 -0.438392 0.000000 -0.898784 0.773438 0.914063
w_rpg_reference.BMP
  0 -15.716090 19.257738 5.846838 -0.619196 0.727595 0.295298 0.796875 0.835938
  0 -17.306955 17.587738 6.622755 -0.619196 0.727595 0.295298 0.773438 0.914063
  0 -14.751894 19.257738 7.846545 -0.619196 0.727595 0.295298 0.796875 0.835938
w_rpg_reference.BMP
  0 -14.751894 19.257738 7.846545 -0.619196 0.727595 0.295298 0.796875 0.835938
  0 -17.306955 17.587738 6.622755 -0.619196 0.727595 0.295298 0.773438 0.914063
  0 -16.351748 17.587738 8.626845 -0.619196 0.727595 0.295298 0.773438 0.914063
w_rpg_reference.BMP
  0 -17.913036 -28.422262 5.950397 0.000000 -1.000000 0.000000 0.679688 0.390625
  0 -17.210461 -28.402262 5.908130 0.000000 -1.000000 0.000000 0.687500 0.382813
  0 -16.221586 -28.422262 9.486821 0.000000 -1.000000 0.000000 0.726563 0.390625
w_rpg_reference.BMP
  0 -16.221586 -28.422262 9.486821 0.000000 -1.000000 0.000000 0.726563 0.390625
  0 -17.210461 -28.402262 5.908130 0.000000 -1.000000 0.000000 0.687500 0.382813
  0 -15.751347 -28.402262 8.968193 0.000000 -1.000000 0.000000 0.726563 0.382813
w_rpg_reference.BMP
  0 -13.060905 -28.422262 0.546452 0.000000 -1.000000 0.000000 0.648438 0.312500
  0 -13.014254 -28.402262 1.258017 0.000000 -1.000000 0.000000 0.656250 0.312500
  0 -16.606316 -28.422262 2.242286 0.000000 -1.000000 0.000000 0.648438 0.359375
w_rpg_reference.BMP
  0 -16.606316 -28.422262 2.242286 0.000000 -1.000000 0.000000 0.648438 0.359375
  0 -13.014254 -28.402262 1.258017 0.000000 -1.000000 0.000000 0.656250 0.312500
  0 -16.074318 -28.402262 2.717130 0.000000 -1.000000 0.000000 0.656250 0.351563
w_rpg_reference.BMP
  0 -7.629996 -28.422262 5.385434 0.000000 -1.000000 0.000000 0.726563 0.281250
  0 -8.332573 -28.402262 5.427701 0.000000 -1.000000 0.000000 0.726563 0.289063
  0 -9.357398 -28.422262 1.866544 0.000000 -1.000000 0.000000 0.679688 0.281250
w_rpg_reference.BMP
  0 -9.357398 -28.422262 1.866544 0.000000 -1.000000 0.000000 0.679688 0.281250
