version 1
nodes
0 "Bip01" -1
1 "Bip01 Pelvis" 0
2 "Bip01 L Leg" 1
3 "Bip01 L Leg1" 2
4 "Bip01 L Foot" 3
5 "Bip01 L Toe0" 4
6 "Bip01 L Toe01" 5
7 "Bip01 L Toe02" 6
8 "Bip01 R Leg" 1
9 "Bip01 R Leg1" 8
10 "Bip01 R Foot" 9
11 "Bip01 R Toe0" 10
12 "Bip01 R Toe01" 11
13 "Bip01 R Toe02" 12
14 "Bip01 Spine" 1
15 "Bip01 Spine1" 14
16 "Bip01 Spine2" 15
17 "Bip01 Spine3" 16
18 "Bip01 Neck" 17
19 "Bip01 Head" 18
20 "Bip01 L Arm" 18
21 "Bip01 L Arm1" 20
22 "Bip01 L Arm2" 21
23 "Bip01 L Hand" 22
24 "Bip01 R Arm" 18
25 "Bip01 R Arm1" 24
26 "Bip01 R Arm2" 25
27 "Bip01 R Hand" 26
end
skeleton
time 0
0 0.235347 0.367732 3.526333 -0.000000 -0.000000 -1.570874
1 0.000824 -0.003478 0.000000 -1.570795 -1.570787 0.000000
2 -0.000005 0.000007 3.713254 -3.139593 0.026016 3.120118
3 18.045723 0.000000 0.000000 0.000000 -0.000000 -0.121551
4 17.597597 0.000000 0.000000 -0.002632 0.026022 0.099924
5 3.793089 6.407220 0.000000 0.000000 -0.000000 1.570796
6 0.935740 0.000000 0.000000 0.000000 -0.000000 0.000000
7 0.935741 0.000000 0.000000 0.000000 -0.000000 0.000000
8 0.000005 -0.000003 -3.713254 3.139087 -0.017274 3.117157
9 18.045723 0.000000 0.000000 0.000000 -0.000000 -0.127558
10 17.597597 0.000001 0.000000 0.002944 -0.017279 0.103080
11 3.793090 6.407221 0.000000 0.000000 -0.000000 1.570796
12 0.935740 0.000000 0.000000 0.000000 -0.000000 0.000000
13 0.935740 0.000000 0.000000 0.000000 -0.000000 0.000000
14 1.293228 0.684461 0.000294 -0.069779 0.000662 0.009495
15 5.309686 -0.003834 0.000000 0.000000 -0.000000 -0.069778
16 4.827229 -0.004598 0.000362 -0.078500 0.000062 -0.000002
17 5.792761 -0.005304 0.000000 0.000000 -0.000000 0.017444
18 6.662318 -0.001453 0.000000 0.000000 -0.000001 0.471000
19 2.046983 0.000000 0.000000 0.158617 -0.045276 -0.152110
20 -2.869899 1.399664 4.140396 0.000013 -1.370795 2.669783
21 4.972047 0.000000 0.000001 -0.727397 0.949748 -1.430098
22 11.585088 -0.000002 0.000002 -0.053762 -0.409651 -2.324003
23 10.127092 0.000000 -0.000001 -1.727262 0.048377 1.211402
24 -2.869899 1.399664 -4.140396 -0.000013 1.370795 2.669783
25 4.972047 0.000000 -0.000001 0.727397 -0.949748 -1.430098
26 11.585088 0.000000 -0.000001 0.157720 0.461368 -2.171284
27 10.127092 0.000000 0.000001 1.727262 -0.048377 1.211402
end
triangles
..\p_dual_rpg\w_rpg_reference.BMP
27 -9.622086 -8.002927 31.359627 -0.147819 -0.851961 -0.502307 0.007813 0.102362
27 -10.212084 -8.053265 32.329613 -0.715244 -0.499598 0.488699 0.046875 0.102362
27 -10.302086 -8.002932 31.359634 -0.895852 -0.429210 0.115008 0.007813 0.102362
..\p_dual_rpg\w_rpg_reference.BMP
27 -10.302086 -8.002932 31.359634 -0.895852 -0.429210 0.115008 0.007813 0.102362
27 -10.212084 -8.053265 32.329613 -0.715244 -0.499598 0.488699 0.046875 0.102362
27 -10.212080 -8.054127 34.819626 0.000000 -0.000000 0.000000 0.156250 0.102362
..\p_dual_rpg\w_rpg_reference.BMP
27 -10.212084 -8.053265 32.329613 -0.715244 -0.499598 0.488699 0.046875 0.102362
27 -10.302086 -8.002932 31.359634 -0.895852 -0.429210 0.115008 0.007813 0.102362
27 -10.212080 -8.054127 34.819626 0.000000 -0.000000 0.000000 0.156250 0.102362
..\p_dual_rpg\w_rpg_reference.BMP
27 -10.212080 -8.054127 34.819626 0.000000 -0.000000 0.000000 0.156250 0.102362
27 -10.302086 -8.002932 31.359634 -0.895852 -0.429210 0.115008 0.007813 0.102362
27 -10.302080 -8.014143 34.879623 0.000000 -0.000000 0.000000 0.156250 0.102362
..\p_dual_rpg\w_rpg_reference.BMP
27 -10.302086 -8.002932 31.359634 -0.895852 -0.429210 0.115008 0.007813 0.102362
27 -10.212080 -8.054127 34.819626 0.000000 -0.000000 0.000000 0.156250 0.102362
27 -10.302080 -8.014143 34.879623 0.000000 -0.000000 0.000000 0.156250 0.102362
..\p_dual_rpg\w_rpg_reference.BMP
27 -10.302080 -8.014143 34.879623 0.000000 -0.000000 0.000000 0.156250 0.102362
27 -10.212080 -8.054127 34.819626 0.000000 -0.000000 0.000000 0.156250 0.102362
27 -9.702081 -8.054119 34.819618 0.000000 -0.000000 0.000000 0.156250 0.102362
..\p_dual_rpg\w_rpg_reference.BMP
27 -10.212080 -8.054127 34.819626 0.000000 -0.000000 0.000000 0.156250 0.102362
27 -10.302080 -8.014143 34.879623 0.000000 -0.000000 0.000000 0.156250 0.102362
27 -9.702081 -8.054119 34.819618 0.000000 -0.000000 0.000000 0.156250 0.102362
..\p_dual_rpg\w_rpg_reference.BMP
27 -9.702081 -8.054119 34.819618 0.000000 -0.000000 0.000000 0.156250 0.102362
27 -10.302080 -8.014143 34.879623 0.000000 -0.000000 0.000000 0.156250 0.102362
27 -9.622080 -8.014142 34.879631 0.000000 -0.000000 0.000000 0.156250 0.102362
..\p_dual_rpg\w_rpg_reference.BMP
27 -10.302080 -8.014143 34.879623 0.000000 -0.000000 0.000000 0.156250 0.102362
27 -9.702081 -8.054119 34.819618 0.000000 -0.000000 0.000000 0.156250 0.102362
27 -9.622080 -8.014142 34.879631 0.000000 -0.000000 0.000000 0.156250 0.102362
..\p_dual_rpg\w_rpg_reference.BMP
27 -9.622080 -8.014142 34.879631 0.000000 -0.000000 0.000000 0.156250 0.102362
27 -9.702081 -8.054119 34.819618 0.000000 -0.000000 0.000000 0.156250 0.102362
27 -9.702085 -8.053265 32.329613 0.855188 -0.173426 0.488443 0.046875 0.102362
..\p_dual_rpg\w_rpg_reference.BMP
27 -9.702081 -8.054119 34.819618 0.000000 -0.000000 0.000000 0.156250 0.102362
27 -9.622080 -8.014142 34.879631 0.000000 -0.000000 0.000000 0.156250 0.102362
27 -9.702085 -8.053265 32.329613 0.855188 -0.173426 0.488443 0.046875 0.102362
..\p_dual_rpg\w_rpg_reference.BMP
27 -9.702085 -8.053265 32.329613 0.855188 -0.173426 0.488443 0.046875 0.102362
27 -9.622080 -8.014142 34.879631 0.000000 -0.000000 0.000000 0.156250 0.102362
27 -9.622086 -8.002927 31.359627 -0.147819 -0.851961 -0.502307 0.007813 0.102362
..\p_dual_rpg\w_rpg_reference.BMP
27 -9.622080 -8.014142 34.879631 0.000000 -0.000000 0.000000 0.156250 0.102362
27 -9.702085 -8.053265 32.329613 0.855188 -0.173426 0.488443 0.046875 0.102362
27 -9.622086 -8.002927 31.359627 -0.147819 -0.851961 -0.502307 0.007813 0.102362
..\p_dual_rpg\w_rpg_reference.BMP
27 -9.622086 -8.002927 31.359627 -0.147819 -0.851961 -0.502307 0.007813 0.102362
27 -9.702085 -8.053265 32.329613 0.855188 -0.173426 0.488443 0.046875 0.102362
27 -10.212084 -8.053265 32.329613 -0.715244 -0.499598 0.488699 0.046875 0.102362
..\p_dual_rpg\w_rpg_reference.BMP
27 -6.142048 -27.921299 26.622759 0.359096 -0.833656 0.419604 0.164063 0.385827
27 -5.712049 -27.921032 25.892752 0.917388 -0.354836 -0.180253 0.164063 0.322835
27 -5.712056 -24.861046 25.893810 0.896116 0.424658 0.129004 0.015625 0.322835
..\p_dual_rpg\w_rpg_reference.BMP
27 -5.712056 -24.861046 25.893810 0.896116 0.424658 0.129004 0.015625 0.322835
27 -5.712049 -27.921032 25.892752 0.917388 -0.354836 -0.180253 0.164063 0.322835
27 -6.142058 -24.860790 25.163815 0.554166 0.422251 -0.717359 0.015625 0.299213
..\p_dual_rpg\w_rpg_reference.BMP
27 -5.712049 -27.921032 25.892752 0.917388 -0.354836 -0.180253 0.164063 0.322835
27 -6.142051 -27.920788 25.162754 0.259443 -0.601934 -0.755225 0.164063 0.299213
27 -6.142058 -24.860790 25.163815 0.554166 0.422251 -0.717359 0.015625 0.299213
..\p_dual_rpg\w_rpg_reference.BMP
27 -6.142058 -24.860790 25.163815 0.554166 0.422251 -0.717359 0.015625 0.299213
27 -6.142051 -27.920788 25.162754 0.259443 -0.601934 -0.755225 0.164063 0.299213
27 -6.982058 -24.860794 25.163815 -0.336678 0.422276 -0.841624 0.015625 0.346457
..\p_dual_rpg\w_rpg_reference.BMP
27 -6.142051 -27.920788 25.162754 0.259443 -0.601934 -0.755225 0.164063 0.299213
27 -6.982051 -27.920788 25.162754 -0.518872 -0.601988 -0.606945 0.164063 0.346457
27 -6.982058 -24.860794 25.163815 -0.336678 0.422276 -0.841624 0.015625 0.346457
..\p_dual_rpg\w_rpg_reference.BMP
27 -6.982058 -24.860794 25.163815 -0.336678 0.422276 -0.841624 0.015625 0.346457
27 -6.982051 -27.920788 25.162754 -0.518872 -0.601988 -0.606945 0.164063 0.346457
27 -7.412056 -24.861046 25.893810 -0.896117 0.424743 -0.128714 0.015625 0.409449
..\p_dual_rpg\w_rpg_reference.BMP
27 -6.982051 -27.920788 25.162754 -0.518872 -0.601988 -0.606945 0.164063 0.346457
27 -7.412050 -27.921043 25.892757 -0.781535 -0.604748 0.153240 0.164063 0.409449
27 -7.412056 -24.861046 25.893810 -0.896117 0.424743 -0.128714 0.015625 0.409449
..\p_dual_rpg\w_rpg_reference.BMP
27 -7.412056 -24.861046 25.893810 -0.896117 0.424743 -0.128714 0.015625 0.409449
27 -7.412050 -27.921043 25.892757 -0.781535 -0.604748 0.153240 0.164063 0.409449
27 -6.982055 -24.861298 26.623817 -0.554168 0.421754 0.717650 0.015625 0.425197
..\p_dual_rpg\w_rpg_reference.BMP
27 -7.412050 -27.921043 25.892757 -0.781535 -0.604748 0.153240 0.164063 0.409449
27 -6.982048 -27.921299 26.622759 -0.304057 -0.353196 0.884761 0.164063 0.425197
27 -6.982055 -24.861298 26.623817 -0.554168 0.421754 0.717650 0.015625 0.425197
..\p_dual_rpg\w_rpg_reference.BMP
27 -6.982055 -24.861298 26.623817 -0.554168 0.421754 0.717650 0.015625 0.425197
27 -6.982048 -27.921299 26.622759 -0.304057 -0.353196 0.884761 0.164063 0.425197
27 -6.142055 -24.861298 26.623810 0.336680 0.421695 0.841914 0.015625 0.385827
..\p_dual_rpg\w_rpg_reference.BMP
27 -6.982048 -27.921299 26.622759 -0.304057 -0.353196 0.884761 0.164063 0.425197
27 -6.142048 -27.921299 26.622759 0.359096 -0.833656 0.419604 0.164063 0.385827
27 -6.142055 -24.861298 26.623810 0.336680 0.421695 0.841914 0.015625 0.385827
..\p_dual_rpg\w_rpg_reference.BMP
27 -6.142055 -24.861298 26.623810 0.336680 0.421695 0.841914 0.015625 0.385827
27 -6.142048 -27.921299 26.622759 0.359096 -0.833656 0.419604 0.164063 0.385827
27 -5.712056 -24.861046 25.893810 0.896116 0.424658 0.129004 0.015625 0.322835
..\p_dual_rpg\w_rpg_reference.BMP
27 -10.662118 5.207456 30.254192 -0.651868 0.115414 0.749498 0.789063 0.834646
27 -11.612134 10.747790 29.266104 -0.856591 -0.331088 0.395769 0.921875 0.755906
27 -11.612056 -22.822220 29.264523 -0.822622 0.378047 0.424704 0.117188 0.755906
..\p_dual_rpg\w_rpg_reference.BMP
27 -11.612056 -22.822220 29.264523 -0.822622 0.378047 0.424704 0.117188 0.755906
27 -11.612134 10.747790 29.266104 -0.856591 -0.331088 0.395769 0.921875 0.755906
27 -11.602059 -22.821754 27.914522 -0.834321 0.442861 -0.328302 0.117188 0.645669
..\p_dual_rpg\w_rpg_reference.BMP
27 -11.612134 10.747790 29.266104 -0.856591 -0.331088 0.395769 0.921875 0.755906
27 -11.602136 10.748267 27.906107 -0.839335 -0.386559 -0.382216 0.921875 0.645669
27 -11.602059 -22.821754 27.914522 -0.834321 0.442861 -0.328302 0.117188 0.645669
..\p_dual_rpg\w_rpg_reference.BMP
27 -11.602059 -22.821754 27.914522 -0.834321 0.442861 -0.328302 0.117188 0.645669
27 -11.602136 10.748267 27.906107 -0.839335 -0.386559 -0.382216 0.921875 0.645669
27 -10.632060 -22.821430 26.974520 -0.357936 0.443607 -0.821641 0.117188 0.527559
..\p_dual_rpg\w_rpg_reference.BMP
27 -11.602136 10.748267 27.906107 -0.839335 -0.386559 -0.382216 0.921875 0.645669
27 -10.632136 10.748582 26.976105 -0.324741 -0.385997 -0.863452 0.921875 0.527559
27 -10.632060 -22.821430 26.974520 -0.357936 0.443607 -0.821641 0.117188 0.527559
..\p_dual_rpg\w_rpg_reference.BMP
27 -10.632060 -22.821430 26.974520 -0.357936 0.443607 -0.821641 0.117188 0.527559
27 -10.632136 10.748582 26.976105 -0.324741 -0.385997 -0.863452 0.921875 0.527559
27 -9.282060 -22.821426 26.984518 0.325667 0.444752 -0.834348 0.117188 0.480315
..\p_dual_rpg\w_rpg_reference.BMP
27 -10.632136 10.748582 26.976105 -0.324741 -0.385997 -0.863452 0.921875 0.527559
27 -9.282136 10.748584 26.986101 0.374672 -0.389227 -0.841501 0.921875 0.480315
27 -9.282060 -22.821426 26.984518 0.325667 0.444752 -0.834348 0.117188 0.480315
..\p_dual_rpg\w_rpg_reference.BMP
27 -9.282060 -22.821426 26.984518 0.325667 0.444752 -0.834348 0.117188 0.480315
27 -9.282136 10.748584 26.986101 0.374672 -0.389227 -0.841501 0.921875 0.480315
27 -8.342058 -22.821754 27.934519 0.820840 0.442150 -0.361558 0.117188 0.566929
..\p_dual_rpg\w_rpg_reference.BMP
27 -9.282136 10.748584 26.986101 0.374672 -0.389227 -0.841501 0.921875 0.480315
27 -8.342134 10.748261 27.936100 0.861386 -0.387604 -0.328293 0.921875 0.566929
27 -8.342058 -22.821754 27.934519 0.820840 0.442150 -0.361558 0.117188 0.566929
..\p_dual_rpg\w_rpg_reference.BMP
27 -8.342058 -22.821754 27.934519 0.820840 0.442150 -0.361558 0.117188 0.566929
27 -8.342134 10.748261 27.936100 0.861386 -0.387604 -0.328293 0.921875 0.566929
27 -8.352057 -22.822224 29.294514 0.835148 0.379022 0.398585 0.117188 0.677165
..\p_dual_rpg\w_rpg_reference.BMP
27 -8.342134 10.748261 27.936100 0.861386 -0.387604 -0.328293 0.921875 0.566929
27 -8.352132 10.747792 29.296095 0.836865 -0.330208 0.436601 0.921875 0.677165
27 -8.352057 -22.822224 29.294514 0.835148 0.379022 0.398585 0.117188 0.677165
..\p_dual_rpg\w_rpg_reference.BMP
27 -9.972134 11.108026 28.606228 0.000380 0.999999 -0.001550 0.937500 0.724409
27 -8.792134 13.087007 31.546907 0.094385 0.814258 0.572779 0.976563 0.984252
27 -7.052136 13.087613 29.846909 0.476321 0.810902 0.339934 0.976563 0.834646
..\p_dual_rpg\w_rpg_reference.BMP
27 -9.972134 11.108026 28.606228 0.000380 0.999999 -0.001550 0.937500 0.724409
27 -11.212134 13.087010 31.526917 -0.339645 0.812166 0.474371 0.976563 0.976378
27 -8.792134 13.087007 31.546907 0.094385 0.814258 0.572779 0.976563 0.984252
..\p_dual_rpg\w_rpg_reference.BMP
27 -9.972134 11.108026 28.606228 0.000380 0.999999 -0.001550 0.937500 0.724409
27 -12.922137 13.087605 29.796917 -0.576263 0.811801 0.094340 0.976563 0.826772
27 -11.212134 13.087010 31.526917 -0.339645 0.812166 0.474371 0.976563 0.976378
..\p_dual_rpg\w_rpg_reference.BMP
27 -9.972134 11.108026 28.606228 0.000380 0.999999 -0.001550 0.937500 0.724409
27 -12.892142 13.078450 27.356913 -0.469628 0.814746 -0.340057 0.976563 0.622047
27 -12.922137 13.087605 29.796917 -0.576263 0.811801 0.094340 0.976563 0.826772
..\p_dual_rpg\w_rpg_reference.BMP
27 -9.972134 11.108026 28.606228 0.000380 0.999999 -0.001550 0.937500 0.724409
27 -11.162145 13.079041 25.666906 -0.098159 0.815382 -0.570541 0.976563 0.472441
27 -12.892142 13.078450 27.356913 -0.469628 0.814746 -0.340057 0.976563 0.622047
..\p_dual_rpg\w_rpg_reference.BMP
27 -9.972134 11.108026 28.606228 0.000380 0.999999 -0.001550 0.937500 0.724409
27 -8.742145 13.079045 25.666901 0.337846 0.815337 -0.470197 0.976563 0.472441
27 -11.162145 13.079041 25.666906 -0.098159 0.815382 -0.570541 0.976563 0.472441
..\p_dual_rpg\w_rpg_reference.BMP
27 -9.972134 11.108026 28.606228 0.000380 0.999999 -0.001550 0.937500 0.724409
27 -7.032140 13.078446 27.406900 0.578582 0.809768 -0.097568 0.976563 0.622047
27 -8.742145 13.079045 25.666901 0.337846 0.815337 -0.470197 0.976563 0.472441
..\p_dual_rpg\w_rpg_reference.BMP
27 -9.972134 11.108026 28.606228 0.000380 0.999999 -0.001550 0.937500 0.724409
27 -7.052136 13.087613 29.846909 0.476321 0.810902 0.339934 0.976563 0.834646
27 -7.032140 13.078446 27.406900 0.578582 0.809768 -0.097568 0.976563 0.622047
..\p_dual_rpg\w_rpg_reference.BMP
27 -9.972054 -23.911995 28.604147 0.000003 -1.000000 -0.000345 0.703125 0.338583
27 -7.492052 -23.912346 29.664135 0.002262 -0.839974 -0.542622 0.750000 0.362205
27 -8.962050 -23.912849 31.114143 -0.597190 -0.754737 -0.271546 0.726563 0.385827
..\p_dual_rpg\w_rpg_reference.BMP
27 -9.972054 -23.911995 28.604147 0.000003 -1.000000 -0.000345 0.703125 0.338583
27 -7.472056 -23.911633 27.584145 -0.278004 -0.758193 0.589795 0.750000 0.322835
27 -7.492052 -23.912346 29.664135 0.002262 -0.839974 -0.542622 0.750000 0.362205
..\p_dual_rpg\w_rpg_reference.BMP
27 -9.972054 -23.911995 28.604147 0.000003 -1.000000 -0.000345 0.703125 0.338583
27 -8.912059 -23.911121 26.094141 -0.545691 -0.837963 0.006342 0.726563 0.291339
27 -7.472056 -23.911633 27.584145 -0.278004 -0.758193 0.589795 0.750000 0.322835
..\p_dual_rpg\w_rpg_reference.BMP
27 -9.972054 -23.911995 28.604147 0.000003 -1.000000 -0.000345 0.703125 0.338583
27 -10.982059 -23.911125 26.104145 0.583232 -0.761670 0.282311 0.687500 0.291339
27 -8.912059 -23.911121 26.094141 -0.545691 -0.837963 0.006342 0.726563 0.291339
..\p_dual_rpg\w_rpg_reference.BMP
27 -9.972054 -23.911995 28.604147 0.000003 -1.000000 -0.000345 0.703125 0.338583
27 -12.462056 -23.911633 27.544149 -0.006879 -0.847295 0.531079 0.656250 0.314961
27 -10.982059 -23.911125 26.104145 0.583232 -0.761670 0.282311 0.687500 0.291339
..\p_dual_rpg\w_rpg_reference.BMP
27 -9.972054 -23.911995 28.604147 0.000003 -1.000000 -0.000345 0.703125 0.338583
27 -12.482053 -23.912342 29.614151 0.276992 -0.759905 -0.588064 0.656250 0.354331
27 -12.462056 -23.911633 27.544149 -0.006879 -0.847295 0.531079 0.656250 0.314961
..\p_dual_rpg\w_rpg_reference.BMP
27 -9.972054 -23.911995 28.604147 0.000003 -1.000000 -0.000345 0.703125 0.338583
27 -11.032050 -23.912853 31.094147 0.540660 -0.841215 0.006658 0.687500 0.385827
27 -12.482053 -23.912342 29.614151 0.276992 -0.759905 -0.588064 0.656250 0.354331
..\p_dual_rpg\w_rpg_reference.BMP
27 -9.972054 -23.911995 28.604147 0.000003 -1.000000 -0.000345 0.703125 0.338583
27 -8.962050 -23.912849 31.114143 -0.597190 -0.754737 -0.271546 0.726563 0.385827
27 -11.032050 -23.912853 31.094147 0.540660 -0.841215 0.006658 0.687500 0.385827
..\p_dual_rpg\w_rpg_reference.BMP
27 -6.562058 -24.381046 25.893980 -0.000000 1.000000 0.000345 0.000000 0.362205
27 -6.142055 -24.861298 26.623810 0.336680 0.421695 0.841914 0.015625 0.385827
27 -5.712056 -24.861046 25.893810 0.896116 0.424658 0.129004 0.015625 0.322835
..\p_dual_rpg\w_rpg_reference.BMP
27 -6.562058 -24.381046 25.893980 -0.000000 1.000000 0.000345 0.000000 0.362205
27 -6.982055 -24.861298 26.623817 -0.554168 0.421754 0.717650 0.015625 0.425197
27 -6.142055 -24.861298 26.623810 0.336680 0.421695 0.841914 0.015625 0.385827
..\p_dual_rpg\w_rpg_reference.BMP
27 -6.562058 -24.381046 25.893980 -0.000000 1.000000 0.000345 0.000000 0.362205
27 -7.412056 -24.861046 25.893810 -0.896117 0.424743 -0.128714 0.015625 0.409449
27 -6.982055 -24.861298 26.623817 -0.554168 0.421754 0.717650 0.015625 0.425197
..\p_dual_rpg\w_rpg_reference.BMP
27 -6.562058 -24.381046 25.893980 -0.000000 1.000000 0.000345 0.000000 0.362205
27 -6.982058 -24.860794 25.163815 -0.336678 0.422276 -0.841624 0.015625 0.346457
27 -7.412056 -24.861046 25.893810 -0.896117 0.424743 -0.128714 0.015625 0.409449
..\p_dual_rpg\w_rpg_reference.BMP
27 -6.562058 -24.381046 25.893980 -0.000000 1.000000 0.000345 0.000000 0.362205
27 -6.142058 -24.860790 25.163815 0.554166 0.422251 -0.717359 0.015625 0.299213
27 -6.982058 -24.860794 25.163815 -0.336678 0.422276 -0.841624 0.015625 0.346457
..\p_dual_rpg\w_rpg_reference.BMP
27 -6.562058 -24.381046 25.893980 -0.000000 1.000000 0.000345 0.000000 0.362205
27 -5.712056 -24.861046 25.893810 0.896116 0.424658 0.129004 0.015625 0.322835
27 -6.142058 -24.860790 25.163815 0.554166 0.422251 -0.717359 0.015625 0.299213
..\p_dual_rpg\w_rpg_reference.BMP
27 -9.942104 -4.740806 25.210756 -0.587341 0.529569 -0.612035 0.726563 0.070866
27 -9.942099 -4.741962 28.560755 -0.791111 0.603144 0.101785 0.726563 0.354331
27 -7.812104 -4.740801 25.210751 0.731820 0.592735 -0.336309 0.601563 0.070866
..\p_dual_rpg\w_rpg_reference.BMP
27 -7.812104 -4.740801 25.210751 0.731820 0.592735 -0.336309 0.601563 0.070866
27 -9.942099 -4.741962 28.560755 -0.791111 0.603144 0.101785 0.726563 0.354331
27 -7.812099 -4.741957 28.560753 0.702006 0.709664 0.059708 0.601563 0.354331
..\p_dual_rpg\w_rpg_reference.BMP
27 -9.942099 -4.741962 28.560755 -0.791111 0.603144 0.101785 0.726563 0.354331
27 -9.742097 -4.742228 29.330763 -0.379554 0.784126 0.491004 0.726563 0.433071
27 -7.812099 -4.741957 28.560753 0.702006 0.709664 0.059708 0.601563 0.354331
..\p_dual_rpg\w_rpg_reference.BMP
27 -7.812099 -4.741957 28.560753 0.702006 0.709664 0.059708 0.601563 0.354331
27 -9.742097 -4.742228 29.330763 -0.379554 0.784126 0.491004 0.726563 0.433071
27 -8.012096 -4.742223 29.330753 0.582772 0.301020 0.754827 0.601563 0.433071
..\p_dual_rpg\w_rpg_reference.BMP
27 -6.142048 -27.921299 26.622759 0.359096 -0.833656 0.419604 0.109375 0.125984
27 -6.142051 -27.920788 25.162754 0.259443 -0.601934 -0.755225 0.109375 0.031496
27 -5.712049 -27.921032 25.892752 0.917388 -0.354836 -0.180253 0.132813 0.078740
..\p_dual_rpg\w_rpg_reference.BMP
27 -6.142048 -27.921299 26.622759 0.359096 -0.833656 0.419604 0.109375 0.125984
27 -6.982051 -27.920788 25.162754 -0.518872 -0.601988 -0.606945 0.062500 0.031496
27 -6.142051 -27.920788 25.162754 0.259443 -0.601934 -0.755225 0.109375 0.031496
..\p_dual_rpg\w_rpg_reference.BMP
27 -6.142048 -27.921299 26.622759 0.359096 -0.833656 0.419604 0.109375 0.125984
27 -7.412050 -27.921043 25.892757 -0.781535 -0.604748 0.153240 0.039063 0.078740
27 -6.982051 -27.920788 25.162754 -0.518872 -0.601988 -0.606945 0.062500 0.031496
..\p_dual_rpg\w_rpg_reference.BMP
27 -6.142048 -27.921299 26.622759 0.359096 -0.833656 0.419604 0.109375 0.125984
27 -6.982048 -27.921299 26.622759 -0.304057 -0.353196 0.884761 0.062500 0.125984
27 -7.412050 -27.921043 25.892757 -0.781535 -0.604748 0.153240 0.039063 0.078740
..\p_dual_rpg\w_rpg_reference.BMP
27 -7.622060 -22.651337 26.724573 0.031929 0.075262 0.996652 0.125000 0.086614
27 -8.502062 -21.551510 27.224957 0.986086 0.117160 -0.117928 0.156250 0.086614
27 -7.772059 -22.761436 27.024536 -0.141216 0.266716 -0.953373 0.125000 0.110236
..\p_dual_rpg\w_rpg_reference.BMP
27 -7.772059 -22.761436 27.024536 -0.141216 0.266716 -0.953373 0.125000 0.110236
27 -8.502062 -21.551510 27.224957 0.986086 0.117160 -0.117928 0.156250 0.086614
27 -8.222061 -21.551628 27.564959 0.376713 -0.148451 -0.914358 0.156250 0.110236
..\p_dual_rpg\w_rpg_reference.BMP
27 -8.502062 -21.551510 27.224957 0.986086 0.117160 -0.117928 0.156250 0.086614
27 -7.622060 -22.651337 26.724573 0.031929 0.075262 0.996652 0.125000 0.086614
27 -8.222061 -21.551628 27.564959 0.376713 -0.148451 -0.914358 0.156250 0.110236
..\p_dual_rpg\w_rpg_reference.BMP
27 -8.222061 -21.551628 27.564959 0.376713 -0.148451 -0.914358 0.156250 0.110236
27 -7.622060 -22.651337 26.724573 0.031929 0.075262 0.996652 0.125000 0.086614
27 -7.772059 -22.761436 27.024536 -0.141216 0.266716 -0.953373 0.125000 0.110236
..\p_dual_rpg\w_rpg_reference.BMP
27 -6.902060 -23.131138 26.164406 0.030190 0.604522 -0.796016 0.085938 0.086614
27 -7.622060 -22.651337 26.724573 0.031929 0.075262 0.996652 0.125000 0.086614
27 -7.002059 -23.291237 26.454353 -0.247171 -0.328283 0.911667 0.085938 0.110236
..\p_dual_rpg\w_rpg_reference.BMP
27 -7.002059 -23.291237 26.454353 -0.247171 -0.328283 0.911667 0.085938 0.110236
27 -7.622060 -22.651337 26.724573 0.031929 0.075262 0.996652 0.125000 0.086614
27 -7.772059 -22.761436 27.024536 -0.141216 0.266716 -0.953373 0.125000 0.110236
..\p_dual_rpg\w_rpg_reference.BMP
27 -7.622060 -22.651337 26.724573 0.031929 0.075262 0.996652 0.125000 0.086614
27 -6.902060 -23.131138 26.164406 0.030190 0.604522 -0.796016 0.085938 0.086614
27 -7.772059 -22.761436 27.024536 -0.141216 0.266716 -0.953373 0.125000 0.110236
..\p_dual_rpg\w_rpg_reference.BMP
27 -7.772059 -22.761436 27.024536 -0.141216 0.266716 -0.953373 0.125000 0.110236
27 -6.902060 -23.131138 26.164406 0.030190 0.604522 -0.796016 0.085938 0.086614
27 -7.002059 -23.291237 26.454353 -0.247171 -0.328283 0.911667 0.085938 0.110236
..\p_dual_rpg\w_rpg_reference.BMP
27 -6.492059 -23.621067 25.954241 0.117559 -0.971521 0.205734 0.046875 0.086614
27 -6.902060 -23.131138 26.164406 0.030190 0.604522 -0.796016 0.085938 0.086614
27 -6.562059 -23.691170 26.264217 0.104769 0.861236 -0.497288 0.046875 0.110236
..\p_dual_rpg\w_rpg_reference.BMP
27 -6.562059 -23.691170 26.264217 0.104769 0.861236 -0.497288 0.046875 0.110236
27 -6.902060 -23.131138 26.164406 0.030190 0.604522 -0.796016 0.085938 0.086614
27 -7.002059 -23.291237 26.454353 -0.247171 -0.328283 0.911667 0.085938 0.110236
..\p_dual_rpg\w_rpg_reference.BMP
27 -6.902060 -23.131138 26.164406 0.030190 0.604522 -0.796016 0.085938 0.086614
27 -6.492059 -23.621067 25.954241 0.117559 -0.971521 0.205734 0.046875 0.086614
27 -7.002059 -23.291237 26.454353 -0.247171 -0.328283 0.911667 0.085938 0.110236
..\p_dual_rpg\w_rpg_reference.BMP
27 -7.002059 -23.291237 26.454353 -0.247171 -0.328283 0.911667 0.085938 0.110236
27 -6.492059 -23.621067 25.954241 0.117559 -0.971521 0.205734 0.046875 0.086614
27 -6.562059 -23.691170 26.264217 0.104769 0.861236 -0.497288 0.046875 0.110236
..\p_dual_rpg\w_rpg_reference.BMP
27 -6.342056 -24.841042 25.883820 -0.969909 0.027045 -0.241962 0.000000 0.086614
27 -6.492059 -23.621067 25.954241 0.117559 -0.971521 0.205734 0.046875 0.086614
27 -6.612056 -24.841141 26.183815 0.975239 0.074373 0.208271 0.000000 0.110236
..\p_dual_rpg\w_rpg_reference.BMP
27 -6.612056 -24.841141 26.183815 0.975239 0.074373 0.208271 0.000000 0.110236
27 -6.492059 -23.621067 25.954241 0.117559 -0.971521 0.205734 0.046875 0.086614
27 -6.562059 -23.691170 26.264217 0.104769 0.861236 -0.497288 0.046875 0.110236
..\p_dual_rpg\w_rpg_reference.BMP
27 -6.492059 -23.621067 25.954241 0.117559 -0.971521 0.205734 0.046875 0.086614
27 -6.342056 -24.841042 25.883820 -0.969909 0.027045 -0.241962 0.000000 0.086614
27 -6.562059 -23.691170 26.264217 0.104769 0.861236 -0.497288 0.046875 0.110236
..\p_dual_rpg\w_rpg_reference.BMP
27 -6.562059 -23.691170 26.264217 0.104769 0.861236 -0.497288 0.046875 0.110236
27 -6.342056 -24.841042 25.883820 -0.969909 0.027045 -0.241962 0.000000 0.086614
27 -6.612056 -24.841141 26.183815 0.975239 0.074373 0.208271 0.000000 0.110236
..\p_dual_rpg\w_rpg_reference.BMP
27 -9.312076 -12.522929 31.358078 0.334301 -0.505143 0.795659 0.359375 0.921260
27 -9.312114 4.187079 31.343842 0.579622 0.213241 0.786490 0.773438 0.921260
27 -10.662075 -12.522929 31.348076 -0.589118 -0.216178 0.778593 0.375000 1.000000
..\p_dual_rpg\w_rpg_reference.BMP
27 -10.662075 -12.522929 31.348076 -0.589118 -0.216178 0.778593 0.375000 1.000000
27 -9.312114 4.187079 31.343842 0.579622 0.213241 0.786490 0.773438 0.921260
27 -10.662114 4.187079 31.333847 -0.343314 0.490686 0.800851 0.773438 1.000000
..\p_dual_rpg\w_rpg_reference.BMP
27 -9.312055 -22.822552 30.244520 0.265970 0.524418 0.808855 0.117188 0.795276
27 -8.802049 -23.922993 31.514137 -0.081089 0.084865 0.993087 0.000000 0.803150
27 -8.352057 -22.822224 29.294514 0.835148 0.379022 0.398585 0.117188 0.677165
..\p_dual_rpg\w_rpg_reference.BMP
27 -8.352057 -22.822224 29.294514 0.835148 0.379022 0.398585 0.117188 0.677165
27 -8.802049 -23.922993 31.514137 -0.081089 0.084865 0.993087 0.000000 0.803150
27 -7.092052 -23.922405 29.824139 0.914156 0.319246 0.249801 0.000000 0.677165
..\p_dual_rpg\w_rpg_reference.BMP
27 -10.662054 -22.822552 30.234522 -0.326695 0.442569 0.835106 0.117188 0.834646
27 -11.202050 -23.922989 31.494148 -0.256869 0.325424 0.910010 0.000000 0.834646
27 -9.312055 -22.822552 30.244520 0.265970 0.524418 0.808855 0.117188 0.795276
..\p_dual_rpg\w_rpg_reference.BMP
27 -9.312055 -22.822552 30.244520 0.265970 0.524418 0.808855 0.117188 0.795276
27 -11.202050 -23.922989 31.494148 -0.256869 0.325424 0.910010 0.000000 0.834646
27 -8.802049 -23.922993 31.514137 -0.081089 0.084865 0.993087 0.000000 0.803150
..\p_dual_rpg\w_rpg_reference.BMP
27 -11.612056 -22.822220 29.264523 -0.822622 0.378047 0.424704 0.117188 0.755906
27 -12.882052 -23.922394 29.774143 -0.993514 0.078146 -0.082601 0.000000 0.755906
27 -10.662054 -22.822552 30.234522 -0.326695 0.442569 0.835106 0.117188 0.834646
..\p_dual_rpg\w_rpg_reference.BMP
27 -10.662054 -22.822552 30.234522 -0.326695 0.442569 0.835106 0.117188 0.834646
27 -12.882052 -23.922394 29.774143 -0.993514 0.078146 -0.082601 0.000000 0.755906
27 -11.202050 -23.922989 31.494148 -0.256869 0.325424 0.910010 0.000000 0.834646
..\p_dual_rpg\w_rpg_reference.BMP
27 -11.602059 -22.821754 27.914522 -0.834321 0.442861 -0.328302 0.117188 0.645669
27 -12.862058 -23.921570 27.374146 -0.910150 0.321593 -0.261162 0.000000 0.645669
27 -11.612056 -22.822220 29.264523 -0.822622 0.378047 0.424704 0.117188 0.755906
..\p_dual_rpg\w_rpg_reference.BMP
27 -11.612056 -22.822220 29.264523 -0.822622 0.378047 0.424704 0.117188 0.755906
27 -12.862058 -23.921570 27.374146 -0.910150 0.321593 -0.261162 0.000000 0.645669
27 -12.882052 -23.922394 29.774143 -0.993514 0.078146 -0.082601 0.000000 0.755906
..\p_dual_rpg\w_rpg_reference.BMP
27 -10.632060 -22.821430 26.974520 -0.357936 0.443607 -0.821641 0.117188 0.527559
27 -11.142058 -23.920990 25.704142 0.085206 0.094086 -0.991911 0.000000 0.519685
27 -11.602059 -22.821754 27.914522 -0.834321 0.442861 -0.328302 0.117188 0.645669
..\p_dual_rpg\w_rpg_reference.BMP
27 -11.602059 -22.821754 27.914522 -0.834321 0.442861 -0.328302 0.117188 0.645669
27 -11.142058 -23.920990 25.704142 0.085206 0.094086 -0.991911 0.000000 0.519685
27 -12.862058 -23.921570 27.374146 -0.910150 0.321593 -0.261162 0.000000 0.645669
..\p_dual_rpg\w_rpg_reference.BMP
27 -9.282060 -22.821426 26.984518 0.325667 0.444752 -0.834348 0.117188 0.480315
27 -8.752059 -23.920975 25.694136 0.256508 0.330029 -0.908452 0.000000 0.480315
27 -10.632060 -22.821430 26.974520 -0.357936 0.443607 -0.821641 0.117188 0.527559
..\p_dual_rpg\w_rpg_reference.BMP
27 -10.632060 -22.821430 26.974520 -0.357936 0.443607 -0.821641 0.117188 0.527559
27 -8.752059 -23.920975 25.694136 0.256508 0.330029 -0.908452 0.000000 0.480315
27 -11.142058 -23.920990 25.704142 0.085206 0.094086 -0.991911 0.000000 0.519685
..\p_dual_rpg\w_rpg_reference.BMP
27 -8.342058 -22.821754 27.934519 0.820840 0.442150 -0.361558 0.117188 0.566929
27 -7.072056 -23.921574 27.424133 0.993257 0.081556 0.082402 0.000000 0.566929
27 -9.282060 -22.821426 26.984518 0.325667 0.444752 -0.834348 0.117188 0.480315
..\p_dual_rpg\w_rpg_reference.BMP
27 -9.282060 -22.821426 26.984518 0.325667 0.444752 -0.834348 0.117188 0.480315
27 -7.072056 -23.921574 27.424133 0.993257 0.081556 0.082402 0.000000 0.566929
27 -8.752059 -23.920975 25.694136 0.256508 0.330029 -0.908452 0.000000 0.480315
..\p_dual_rpg\w_rpg_reference.BMP
27 -8.352057 -22.822224 29.294514 0.835148 0.379022 0.398585 0.117188 0.677165
27 -7.092052 -23.922405 29.824139 0.914156 0.319246 0.249801 0.000000 0.677165
27 -8.342058 -22.821754 27.934519 0.820840 0.442150 -0.361558 0.117188 0.566929
..\p_dual_rpg\w_rpg_reference.BMP
27 -8.342058 -22.821754 27.934519 0.820840 0.442150 -0.361558 0.117188 0.566929
27 -7.092052 -23.922405 29.824139 0.914156 0.319246 0.249801 0.000000 0.677165
27 -7.072056 -23.921574 27.424133 0.993257 0.081556 0.082402 0.000000 0.566929
..\p_dual_rpg\w_rpg_reference.BMP
27 -8.352132 10.747792 29.296095 0.836865 -0.330208 0.436601 0.929688 0.787402
27 -6.882134 12.367587 29.916653 0.893879 -0.269205 0.358481 0.968750 0.842520
27 -9.312130 10.747460 30.246101 0.327632 -0.384575 0.862995 0.929688 0.866142
..\p_dual_rpg\w_rpg_reference.BMP
27 -9.312130 10.747460 30.246101 0.327632 -0.384575 0.862995 0.929688 0.866142
27 -6.882134 12.367587 29.916653 0.893879 -0.269205 0.358481 0.968750 0.842520
27 -8.722133 12.366958 31.726664 0.377304 -0.266465 0.886926 0.968750 1.000000
..\p_dual_rpg\w_rpg_reference.BMP
27 -9.312130 10.747460 30.246101 0.327632 -0.384575 0.862995 0.929688 0.866142
27 -8.722133 12.366958 31.726664 0.377304 -0.266465 0.886926 0.968750 1.000000
27 -10.662131 10.747462 30.226099 -0.288007 -0.458083 0.840959 0.929688 0.866142
..\p_dual_rpg\w_rpg_reference.BMP
27 -10.662131 10.747462 30.226099 -0.288007 -0.458083 0.840959 0.929688 0.866142
27 -8.722133 12.366958 31.726664 0.377304 -0.266465 0.886926 0.968750 1.000000
27 -11.282132 12.366952 31.706667 -0.359336 -0.265197 0.894734 0.968750 0.992126
..\p_dual_rpg\w_rpg_reference.BMP
27 -10.662131 10.747462 30.226099 -0.288007 -0.458083 0.840959 0.929688 0.866142
27 -11.282132 12.366952 31.706667 -0.359336 -0.265197 0.894734 0.968750 0.992126
27 -11.612134 10.747790 29.266104 -0.856591 -0.331088 0.395769 0.929688 0.787402
..\p_dual_rpg\w_rpg_reference.BMP
27 -11.612134 10.747790 29.266104 -0.856591 -0.331088 0.395769 0.929688 0.787402
27 -11.282132 12.366952 31.706667 -0.359336 -0.265197 0.894734 0.968750 0.992126
27 -13.092135 12.367589 29.866665 -0.885742 -0.268745 0.378467 0.968750 0.834646
..\p_dual_rpg\w_rpg_reference.BMP
27 -11.612134 10.747790 29.266104 -0.856591 -0.331088 0.395769 0.929688 0.787402
27 -13.092135 12.367589 29.866665 -0.885742 -0.268745 0.378467 0.968750 0.834646
27 -11.602136 10.748267 27.906107 -0.839335 -0.386559 -0.382216 0.929688 0.669291
..\p_dual_rpg\w_rpg_reference.BMP
27 -11.602136 10.748267 27.906107 -0.839335 -0.386559 -0.382216 0.929688 0.669291
27 -13.092135 12.367589 29.866665 -0.885742 -0.268745 0.378467 0.968750 0.834646
27 -13.072141 12.368472 27.286661 -0.893348 -0.265072 -0.362860 0.968750 0.614173
..\p_dual_rpg\w_rpg_reference.BMP
27 -11.602136 10.748267 27.906107 -0.839335 -0.386559 -0.382216 0.929688 0.669291
27 -13.072141 12.368472 27.286661 -0.893348 -0.265072 -0.362860 0.968750 0.614173
27 -10.632136 10.748582 26.976105 -0.324741 -0.385997 -0.863452 0.929688 0.582677
..\p_dual_rpg\w_rpg_reference.BMP
27 -10.632136 10.748582 26.976105 -0.324741 -0.385997 -0.863452 0.929688 0.582677
27 -13.072141 12.368472 27.286661 -0.893348 -0.265072 -0.362860 0.968750 0.614173
27 -11.232142 12.369094 25.486660 -0.379903 -0.264649 -0.886361 0.968750 0.456693
..\p_dual_rpg\w_rpg_reference.BMP
27 -10.632136 10.748582 26.976105 -0.324741 -0.385997 -0.863452 0.929688 0.582677
27 -11.232142 12.369094 25.486660 -0.379903 -0.264649 -0.886361 0.968750 0.456693
27 -9.282136 10.748584 26.986101 0.374672 -0.389227 -0.841501 0.929688 0.590551
..\p_dual_rpg\w_rpg_reference.BMP
27 -9.282136 10.748584 26.986101 0.374672 -0.389227 -0.841501 0.929688 0.590551
27 -11.232142 12.369094 25.486660 -0.379903 -0.264649 -0.886361 0.968750 0.456693
27 -8.662142 12.369102 25.486656 0.357112 -0.263829 -0.896027 0.968750 0.456693
..\p_dual_rpg\w_rpg_reference.BMP
27 -9.282136 10.748584 26.986101 0.374672 -0.389227 -0.841501 0.929688 0.590551
27 -8.662142 12.369102 25.486656 0.357112 -0.263829 -0.896027 0.968750 0.456693
27 -8.342134 10.748261 27.936100 0.861386 -0.387604 -0.328293 0.929688 0.669291
..\p_dual_rpg\w_rpg_reference.BMP
27 -8.342134 10.748261 27.936100 0.861386 -0.387604 -0.328293 0.929688 0.669291
27 -8.662142 12.369102 25.486656 0.357112 -0.263829 -0.896027 0.968750 0.456693
27 -6.862139 12.368478 27.336658 0.887580 -0.265232 -0.376634 0.968750 0.622047
..\p_dual_rpg\w_rpg_reference.BMP
27 -8.342134 10.748261 27.936100 0.861386 -0.387604 -0.328293 0.929688 0.669291
27 -6.862139 12.368478 27.336658 0.887580 -0.265232 -0.376634 0.968750 0.622047
27 -8.352132 10.747792 29.296095 0.836865 -0.330208 0.436601 0.929688 0.787402
..\p_dual_rpg\w_rpg_reference.BMP
27 -8.352132 10.747792 29.296095 0.836865 -0.330208 0.436601 0.929688 0.787402
27 -6.862139 12.368478 27.336658 0.887580 -0.265232 -0.376634 0.968750 0.622047
27 -6.882134 12.367587 29.916653 0.893879 -0.269205 0.358481 0.968750 0.842520
..\p_dual_rpg\w_rpg_reference.BMP
27 -6.882134 12.367587 29.916653 0.893879 -0.269205 0.358481 0.968750 0.842520
27 -7.052136 13.087613 29.846909 0.476321 0.810902 0.339934 0.984375 0.834646
27 -8.722133 12.366958 31.726664 0.377304 -0.266465 0.886926 0.968750 1.000000
..\p_dual_rpg\w_rpg_reference.BMP
27 -8.722133 12.366958 31.726664 0.377304 -0.266465 0.886926 0.968750 1.000000
27 -7.052136 13.087613 29.846909 0.476321 0.810902 0.339934 0.984375 0.834646
27 -8.792134 13.087007 31.546907 0.094385 0.814258 0.572779 0.984375 0.984252
..\p_dual_rpg\w_rpg_reference.BMP
27 -8.722133 12.366958 31.726664 0.377304 -0.266465 0.886926 0.968750 1.000000
27 -8.792134 13.087007 31.546907 0.094385 0.814258 0.572779 0.984375 0.984252
27 -11.282132 12.366952 31.706667 -0.359336 -0.265197 0.894734 0.968750 0.992126
..\p_dual_rpg\w_rpg_reference.BMP
27 -11.282132 12.366952 31.706667 -0.359336 -0.265197 0.894734 0.968750 0.992126
27 -8.792134 13.087007 31.546907 0.094385 0.814258 0.572779 0.984375 0.984252
27 -11.212134 13.087010 31.526917 -0.339645 0.812166 0.474371 0.984375 0.976378
..\p_dual_rpg\w_rpg_reference.BMP
27 -11.282132 12.366952 31.706667 -0.359336 -0.265197 0.894734 0.968750 0.992126
27 -11.212134 13.087010 31.526917 -0.339645 0.812166 0.474371 0.984375 0.976378
27 -13.092135 12.367589 29.866665 -0.885742 -0.268745 0.378467 0.968750 0.834646
..\p_dual_rpg\w_rpg_reference.BMP
27 -13.092135 12.367589 29.866665 -0.885742 -0.268745 0.378467 0.968750 0.834646
27 -11.212134 13.087010 31.526917 -0.339645 0.812166 0.474371 0.984375 0.976378
27 -12.922137 13.087605 29.796917 -0.576263 0.811801 0.094340 0.984375 0.826772
..\p_dual_rpg\w_rpg_reference.BMP
27 -13.092135 12.367589 29.866665 -0.885742 -0.268745 0.378467 0.968750 0.834646
27 -12.922137 13.087605 29.796917 -0.576263 0.811801 0.094340 0.984375 0.826772
27 -13.072141 12.368472 27.286661 -0.893348 -0.265072 -0.362860 0.968750 0.614173
..\p_dual_rpg\w_rpg_reference.BMP
27 -13.072141 12.368472 27.286661 -0.893348 -0.265072 -0.362860 0.968750 0.614173
27 -12.922137 13.087605 29.796917 -0.576263 0.811801 0.094340 0.984375 0.826772
27 -12.892142 13.078450 27.356913 -0.469628 0.814746 -0.340057 0.984375 0.622047
..\p_dual_rpg\w_rpg_reference.BMP
27 -13.072141 12.368472 27.286661 -0.893348 -0.265072 -0.362860 0.968750 0.614173
27 -12.892142 13.078450 27.356913 -0.469628 0.814746 -0.340057 0.984375 0.622047
27 -11.232142 12.369094 25.486660 -0.379903 -0.264649 -0.886361 0.968750 0.456693
..\p_dual_rpg\w_rpg_reference.BMP
27 -11.232142 12.369094 25.486660 -0.379903 -0.264649 -0.886361 0.968750 0.456693
27 -12.892142 13.078450 27.356913 -0.469628 0.814746 -0.340057 0.984375 0.622047
27 -11.162145 13.079041 25.666906 -0.098159 0.815382 -0.570541 0.984375 0.472441
..\p_dual_rpg\w_rpg_reference.BMP
27 -11.232142 12.369094 25.486660 -0.379903 -0.264649 -0.886361 0.968750 0.456693
27 -11.162145 13.079041 25.666906 -0.098159 0.815382 -0.570541 0.984375 0.472441
27 -8.662142 12.369102 25.486656 0.357112 -0.263829 -0.896027 0.968750 0.456693
..\p_dual_rpg\w_rpg_reference.BMP
27 -8.662142 12.369102 25.486656 0.357112 -0.263829 -0.896027 0.968750 0.456693
27 -11.162145 13.079041 25.666906 -0.098159 0.815382 -0.570541 0.984375 0.472441
27 -8.742145 13.079045 25.666901 0.337846 0.815337 -0.470197 0.984375 0.472441
..\p_dual_rpg\w_rpg_reference.BMP
27 -8.662142 12.369102 25.486656 0.357112 -0.263829 -0.896027 0.968750 0.456693
27 -8.742145 13.079045 25.666901 0.337846 0.815337 -0.470197 0.984375 0.472441
27 -6.862139 12.368478 27.336658 0.887580 -0.265232 -0.376634 0.968750 0.622047
..\p_dual_rpg\w_rpg_reference.BMP
27 -6.862139 12.368478 27.336658 0.887580 -0.265232 -0.376634 0.968750 0.622047
27 -8.742145 13.079045 25.666901 0.337846 0.815337 -0.470197 0.984375 0.472441
27 -7.032140 13.078446 27.406900 0.578582 0.809768 -0.097568 0.984375 0.622047
..\p_dual_rpg\w_rpg_reference.BMP
27 -6.862139 12.368478 27.336658 0.887580 -0.265232 -0.376634 0.968750 0.622047
27 -7.032140 13.078446 27.406900 0.578582 0.809768 -0.097568 0.984375 0.622047
27 -6.882134 12.367587 29.916653 0.893879 -0.269205 0.358481 0.968750 0.842520
..\p_dual_rpg\w_rpg_reference.BMP
27 -6.882134 12.367587 29.916653 0.893879 -0.269205 0.358481 0.968750 0.842520
27 -7.032140 13.078446 27.406900 0.578582 0.809768 -0.097568 0.984375 0.622047
27 -7.052136 13.087613 29.846909 0.476321 0.810902 0.339934 0.984375 0.834646
..\p_dual_rpg\w_rpg_reference.BMP
27 -10.662075 -13.532541 30.227728 -0.517807 -0.315385 0.795241 0.343750 0.834646
27 -10.662054 -22.822552 30.234522 -0.326695 0.442569 0.835106 0.117188 0.834646
27 -9.312076 -13.532540 30.237724 0.645180 -0.116824 0.755046 0.343750 0.795276
..\p_dual_rpg\w_rpg_reference.BMP
27 -9.312076 -13.532540 30.237724 0.645180 -0.116824 0.755046 0.343750 0.795276
27 -10.662054 -22.822552 30.234522 -0.326695 0.442569 0.835106 0.117188 0.834646
27 -9.312055 -22.822552 30.244520 0.265970 0.524418 0.808855 0.117188 0.795276
..\p_dual_rpg\w_rpg_reference.BMP
