version 1
nodes
0 "dual_rpg" -1
end
skeleton
time 0
0 -9.932647 -2.422262 6.230360 0.000000 -1.117011 0.000000
end
triangles
..\w_dual_rpg\w_rpg_reference.BMP
0 -11.797678 14.887737 16.603952 0.387686 -0.852021 -0.351794 0.007813 0.101563
0 -13.651978 14.797737 16.429132 -0.747112 -0.502733 -0.434837 0.046875 0.101563
0 -12.279886 14.887737 15.615278 -0.480423 -0.430443 -0.764141 0.007813 0.101563
..\w_dual_rpg\w_rpg_reference.BMP
0 -12.279886 14.887737 15.615278 -0.480423 -0.430443 -0.764141 0.007813 0.101563
0 -13.651978 14.797737 16.429132 -0.747112 -0.502733 -0.434837 0.046875 0.101563
0 -17.301083 14.797737 18.208918 0.000000 -0.000000 0.000000 0.156250 0.101563
..\w_dual_rpg\w_rpg_reference.BMP
0 -13.651978 14.797737 16.429132 -0.747112 -0.502733 -0.434837 0.046875 0.101563
0 -12.279886 14.887737 15.615278 -0.480423 -0.430443 -0.764141 0.007813 0.101563
0 -17.301083 14.797737 18.208918 0.000000 -0.000000 0.000000 0.156250 0.101563
..\w_dual_rpg\w_rpg_reference.BMP
0 -17.301083 14.797737 18.208918 0.000000 -0.000000 0.000000 0.156250 0.101563
0 -12.279886 14.887737 15.615278 -0.480423 -0.430443 -0.764141 0.007813 0.101563
0 -17.456936 14.857738 18.140295 0.000000 -0.000000 0.000000 0.156250 0.101563
..\w_dual_rpg\w_rpg_reference.BMP
0 -12.279886 14.887737 15.615278 -0.480423 -0.430443 -0.764141 0.007813 0.101563
0 -17.301083 14.797737 18.208918 0.000000 -0.000000 0.000000 0.156250 0.101563
0 -17.456936 14.857738 18.140295 0.000000 -0.000000 0.000000 0.156250 0.101563
..\w_dual_rpg\w_rpg_reference.BMP
0 -17.456936 14.857738 18.140295 0.000000 -0.000000 0.000000 0.156250 0.101563
0 -17.301083 14.797737 18.208918 0.000000 -0.000000 0.000000 0.156250 0.101563
0 -16.937233 14.797737 18.954916 0.000000 -0.000000 0.000000 0.156250 0.101563
..\w_dual_rpg\w_rpg_reference.BMP
0 -17.301083 14.797737 18.208918 0.000000 -0.000000 0.000000 0.156250 0.101563
0 -17.456936 14.857738 18.140295 0.000000 -0.000000 0.000000 0.156250 0.101563
0 -16.937233 14.797737 18.954916 0.000000 -0.000000 0.000000 0.156250 0.101563
..\w_dual_rpg\w_rpg_reference.BMP
0 -16.937233 14.797737 18.954916 0.000000 -0.000000 0.000000 0.156250 0.101563
0 -17.456936 14.857738 18.140295 0.000000 -0.000000 0.000000 0.156250 0.101563
0 -16.974728 14.857738 19.128969 0.000000 -0.000000 0.000000 0.156250 0.101563
..\w_dual_rpg\w_rpg_reference.BMP
0 -17.456936 14.857738 18.140295 0.000000 -0.000000 0.000000 0.156250 0.101563
0 -16.937233 14.797737 18.954916 0.000000 -0.000000 0.000000 0.156250 0.101563
0 -16.974728 14.857738 19.128969 0.000000 -0.000000 0.000000 0.156250 0.101563
..\w_dual_rpg\w_rpg_reference.BMP
0 -16.974728 14.857738 19.128969 0.000000 -0.000000 0.000000 0.156250 0.101563
0 -16.937233 14.797737 18.954916 0.000000 -0.000000 0.000000 0.156250 0.101563
0 -13.288130 14.797737 17.175131 -0.068898 -0.168369 0.983313 0.046875 0.101563
..\w_dual_rpg\w_rpg_reference.BMP
0 -16.937233 14.797737 18.954916 0.000000 -0.000000 0.000000 0.156250 0.101563
0 -16.974728 14.857738 19.128969 0.000000 -0.000000 0.000000 0.156250 0.101563
0 -13.288130 14.797737 17.175131 -0.068898 -0.168369 0.983313 0.046875 0.101563
..\w_dual_rpg\w_rpg_reference.BMP
0 -13.288130 14.797737 17.175131 -0.068898 -0.168369 0.983313 0.046875 0.101563
0 -16.974728 14.857738 19.128969 0.000000 -0.000000 0.000000 0.156250 0.101563
0 -11.797678 14.887737 16.603952 0.387686 -0.852021 -0.351794 0.007813 0.101563
..\w_dual_rpg\w_rpg_reference.BMP
0 -16.974728 14.857738 19.128969 0.000000 -0.000000 0.000000 0.156250 0.101563
0 -13.288130 14.797737 17.175131 -0.068898 -0.168369 0.983313 0.046875 0.101563
0 -11.797678 14.887737 16.603952 0.387686 -0.852021 -0.351794 0.007813 0.101563
..\w_dual_rpg\w_rpg_reference.BMP
0 -11.797678 14.887737 16.603952 0.387686 -0.852021 -0.351794 0.007813 0.101563
0 -13.288130 14.797737 17.175131 -0.068898 -0.168369 0.983313 0.046875 0.101563
0 -13.651978 14.797737 16.429132 -0.747112 -0.502733 -0.434837 0.046875 0.101563
..\w_dual_rpg\w_rpg_reference.BMP
0 -2.319936 -17.722260 18.334311 -0.215797 -0.834169 0.507538 0.164063 0.382813
0 -0.938907 -17.722260 18.428434 0.561051 -0.353284 0.748607 0.164063 0.320313
0 -0.938907 -12.702263 18.428434 0.279349 0.425770 0.860630 0.015625 0.320313
..\w_dual_rpg\w_rpg_reference.BMP
0 -0.938907 -12.702263 18.428434 0.279349 0.425770 0.860630 0.015625 0.320313
0 -0.938907 -17.722260 18.428434 0.561051 -0.353284 0.748607 0.164063 0.320313
0 -0.162830 -12.702263 17.282221 0.884297 0.426506 0.190028 0.015625 0.296875
..\w_dual_rpg\w_rpg_reference.BMP
0 -0.938907 -17.722260 18.428434 0.561051 -0.353284 0.748607 0.164063 0.320313
0 -0.162830 -17.722260 17.282221 0.791880 -0.603190 -0.095330 0.164063 0.296875
0 -0.162830 -12.702263 17.282221 0.884297 0.426506 0.190028 0.015625 0.296875
..\w_dual_rpg\w_rpg_reference.BMP
0 -0.162830 -12.702263 17.282221 0.884297 0.426506 0.190028 0.015625 0.296875
0 -0.162830 -17.722260 17.282221 0.791880 -0.603190 -0.095330 0.164063 0.296875
0 -0.772165 -12.702263 16.032896 0.605447 0.427102 -0.671578 0.015625 0.343750
..\w_dual_rpg\w_rpg_reference.BMP
0 -0.162830 -17.722260 17.282221 0.791880 -0.603190 -0.095330 0.164063 0.296875
0 -0.772165 -17.722260 16.032896 0.312087 -0.603190 -0.734005 0.164063 0.343750
0 -0.772165 -12.702263 16.032896 0.605447 0.427102 -0.671578 0.015625 0.343750
..\w_dual_rpg\w_rpg_reference.BMP
0 -0.772165 -12.702263 16.032896 0.605447 0.427102 -0.671578 0.015625 0.343750
0 -0.772165 -17.722260 16.032896 0.312087 -0.603190 -0.734005 0.164063 0.343750
0 -2.153195 -12.702263 15.938772 -0.279014 0.426967 -0.860145 0.015625 0.406250
..\w_dual_rpg\w_rpg_reference.BMP
0 -0.772165 -17.722260 16.032896 0.312087 -0.603190 -0.734005 0.164063 0.343750
0 -2.153195 -17.722260 15.938772 -0.478566 -0.602688 -0.638547 0.164063 0.406250
0 -2.153195 -12.702263 15.938772 -0.279014 0.426967 -0.860145 0.015625 0.406250
..\w_dual_rpg\w_rpg_reference.BMP
0 -2.153195 -12.702263 15.938772 -0.279014 0.426967 -0.860145 0.015625 0.406250
0 -2.153195 -17.722260 15.938772 -0.478566 -0.602688 -0.638547 0.164063 0.406250
0 -2.929271 -12.702263 17.084986 -0.884067 0.427124 -0.189710 0.015625 0.421875
..\w_dual_rpg\w_rpg_reference.BMP
0 -2.153195 -17.722260 15.938772 -0.478566 -0.602688 -0.638547 0.164063 0.406250
0 -2.929271 -17.722260 17.084986 -0.928658 -0.353688 0.111796 0.164063 0.421875
0 -2.929271 -12.702263 17.084986 -0.884067 0.427124 -0.189710 0.015625 0.421875
..\w_dual_rpg\w_rpg_reference.BMP
0 -2.929271 -12.702263 17.084986 -0.884067 0.427124 -0.189710 0.015625 0.421875
0 -2.929271 -17.722260 17.084986 -0.928658 -0.353688 0.111796 0.164063 0.421875
0 -2.319936 -12.702263 18.334311 -0.605309 0.426523 0.672071 0.015625 0.382813
..\w_dual_rpg\w_rpg_reference.BMP
0 -2.929271 -17.722260 17.084986 -0.928658 -0.353688 0.111796 0.164063 0.421875
0 -2.319936 -17.722260 18.334311 -0.215797 -0.834169 0.507538 0.164063 0.382813
0 -2.319936 -12.702263 18.334311 -0.605309 0.426523 0.672071 0.015625 0.382813
..\w_dual_rpg\w_rpg_reference.BMP
0 -2.319936 -12.702263 18.334311 -0.605309 0.426523 0.672071 0.015625 0.382813
0 -2.319936 -17.722260 18.334311 -0.215797 -0.834169 0.507538 0.164063 0.382813
0 -0.938907 -12.702263 18.428434 0.279349 0.425770 0.860630 0.015625 0.320313
..\w_dual_rpg\w_rpg_reference.BMP
0 -10.916090 36.507736 14.282553 -0.959309 0.115504 -0.257654 0.789063 0.828125
0 -10.139517 45.557739 12.179262 -0.730175 -0.330364 -0.598084 0.921875 0.750000
0 -10.139517 -9.372263 12.179262 -0.741589 0.378541 -0.553852 0.117188 0.750000
..\w_dual_rpg\w_rpg_reference.BMP
0 -10.139517 -9.372263 12.179262 -0.741589 0.378541 -0.553852 0.117188 0.750000
0 -10.139517 45.557739 12.179262 -0.730175 -0.330364 -0.598084 0.921875 0.750000
0 -8.135426 -9.372263 11.224052 -0.070958 0.442894 -0.893762 0.117188 0.640625
..\w_dual_rpg\w_rpg_reference.BMP
0 -10.139517 45.557739 12.179262 -0.730175 -0.330364 -0.598084 0.921875 0.750000
0 -8.135426 45.557739 11.224052 -0.026979 -0.386159 -0.922038 0.921875 0.640625
0 -8.135426 -9.372263 11.224052 -0.070958 0.442894 -0.893762 0.117188 0.640625
..\w_dual_rpg\w_rpg_reference.BMP
0 -8.135426 -9.372263 11.224052 -0.070958 0.442894 -0.893762 0.117188 0.640625
0 -8.135426 45.557739 11.224052 -0.026979 -0.386159 -0.922038 0.921875 0.640625
0 -6.058659 -9.372263 11.969057 0.580192 0.444080 -0.682767 0.117188 0.523438
..\w_dual_rpg\w_rpg_reference.BMP
0 -8.135426 45.557739 11.224052 -0.026979 -0.386159 -0.922038 0.921875 0.640625
0 -6.058659 45.557739 11.969057 0.632463 -0.385772 -0.671692 0.921875 0.523438
0 -6.058659 -9.372263 11.969057 0.580192 0.444080 -0.682767 0.117188 0.523438
..\w_dual_rpg\w_rpg_reference.BMP
0 -6.058659 -9.372263 11.969057 0.580192 0.444080 -0.682767 0.117188 0.523438
0 -6.058659 45.557739 11.969057 0.632463 -0.385772 -0.671692 0.921875 0.523438
0 -5.107835 -9.372263 13.964159 0.892878 0.444537 -0.071800 0.117188 0.476563
..\w_dual_rpg\w_rpg_reference.BMP
0 -6.058659 45.557739 11.969057 0.632463 -0.385772 -0.671692 0.921875 0.523438
0 -5.107835 45.557739 13.964159 0.921095 -0.388077 -0.031298 0.921875 0.476563
0 -5.107835 -9.372263 13.964159 0.892878 0.444537 -0.071800 0.117188 0.476563
..\w_dual_rpg\w_rpg_reference.BMP
0 -5.107835 -9.372263 13.964159 0.892878 0.444537 -0.071800 0.117188 0.476563
0 -5.107835 45.557739 13.964159 0.921095 -0.388077 -0.031298 0.921875 0.476563
0 -5.839467 -9.372263 16.045530 0.684354 0.441746 0.580103 0.117188 0.562500
..\w_dual_rpg\w_rpg_reference.BMP
0 -5.107835 45.557739 13.964159 0.921095 -0.388077 -0.031298 0.921875 0.476563
0 -5.839467 45.557739 16.045530 0.672000 -0.386715 0.631560 0.921875 0.562500
0 -5.839467 -9.372263 16.045530 0.684354 0.441746 0.580103 0.117188 0.562500
..\w_dual_rpg\w_rpg_reference.BMP
0 -5.839467 -9.372263 16.045530 0.684354 0.441746 0.580103 0.117188 0.562500
0 -5.839467 45.557739 16.045530 0.672000 -0.386715 0.631560 0.921875 0.562500
0 -7.834567 -9.372263 16.996355 0.008371 0.378568 0.925536 0.117188 0.671875
..\w_dual_rpg\w_rpg_reference.BMP
0 -5.839467 45.557739 16.045530 0.672000 -0.386715 0.631560 0.921875 0.562500
0 -7.834567 45.557739 16.996355 -0.024205 -0.329667 0.943787 0.921875 0.671875
0 -7.834567 -9.372263 16.996355 0.008371 0.378568 0.925536 0.117188 0.671875
..\w_dual_rpg\w_rpg_reference.BMP
0 -7.984995 46.157738 14.110205 0.000205 1.000000 0.000304 0.937500 0.718750
0 -11.466745 49.387741 17.966814 -0.473365 0.813925 0.336825 0.976563 0.976563
0 -7.714135 49.387741 19.296331 -0.097217 0.814948 0.571322 0.976563 0.828125
..\w_dual_rpg\w_rpg_reference.BMP
0 -7.984995 46.157738 14.110205 0.000205 1.000000 0.000304 0.937500 0.718750
0 -13.180117 49.387741 14.385450 -0.572782 0.813966 -0.096857 0.976563 0.968750
0 -11.466745 49.387741 17.966814 -0.473365 0.813925 0.336825 0.976563 0.976563
..\w_dual_rpg\w_rpg_reference.BMP
0 -7.984995 46.157738 14.110205 0.000205 1.000000 0.000304 0.937500 0.718750
0 -11.850595 49.387741 10.632841 -0.335948 0.814020 -0.473824 0.976563 0.820313
0 -13.180117 49.387741 14.385450 -0.572782 0.813966 -0.096857 0.976563 0.968750
..\w_dual_rpg\w_rpg_reference.BMP
0 -7.984995 46.157738 14.110205 0.000205 1.000000 0.000304 0.937500 0.718750
0 -8.255857 49.387741 8.924076 0.098020 0.813145 -0.573748 0.976563 0.617188
0 -11.850595 49.387741 10.632841 -0.335948 0.814020 -0.473824 0.976563 0.820313
..\w_dual_rpg\w_rpg_reference.BMP
0 -7.984995 46.157738 14.110205 0.000205 1.000000 0.000304 0.937500 0.718750
0 -4.516622 49.387741 10.248993 0.472539 0.812800 -0.340682 0.976563 0.468750
0 -8.255857 49.387741 8.924076 0.098020 0.813145 -0.573748 0.976563 0.617188
..\w_dual_rpg\w_rpg_reference.BMP
0 -7.984995 46.157738 14.110205 0.000205 1.000000 0.000304 0.937500 0.718750
0 -2.776289 49.387741 13.817205 0.571993 0.814332 0.098428 0.976563 0.468750
0 -4.516622 49.387741 10.248993 0.472539 0.812800 -0.340682 0.976563 0.468750
..\w_dual_rpg\w_rpg_reference.BMP
0 -7.984995 46.157738 14.110205 0.000205 1.000000 0.000304 0.937500 0.718750
0 -4.123786 49.387741 17.578581 0.337513 0.813082 0.474323 0.976563 0.617188
0 -2.776289 49.387741 13.817205 0.571993 0.814332 0.098428 0.976563 0.468750
..\w_dual_rpg\w_rpg_reference.BMP
0 -7.984995 46.157738 14.110205 0.000205 1.000000 0.000304 0.937500 0.718750
0 -7.714135 49.387741 19.296331 -0.097217 0.814948 0.571322 0.976563 0.828125
0 -4.123786 49.387741 17.578581 0.337513 0.813082 0.474323 0.976563 0.617188
..\w_dual_rpg\w_rpg_reference.BMP
0 -7.984995 -11.152262 14.110205 0.000000 -1.000000 0.000000 0.703125 0.335938
0 -7.755742 -11.152262 18.526678 0.487626 -0.841054 -0.234200 0.750000 0.359375
0 -10.951345 -11.152262 17.403906 -0.015810 -0.754539 -0.656065 0.726563 0.382813
..\w_dual_rpg\w_rpg_reference.BMP
0 -7.984995 -11.152262 14.110205 0.000000 -1.000000 0.000000 0.703125 0.335938
0 -4.695680 -11.152262 17.067564 -0.652488 -0.757761 0.007654 0.750000 0.320313
0 -7.755742 -11.152262 18.526678 0.487626 -0.841054 -0.234200 0.750000 0.359375
..\w_dual_rpg\w_rpg_reference.BMP
0 -7.984995 -11.152262 14.110205 0.000000 -1.000000 0.000000 0.703125 0.335938
0 -3.532573 -11.152262 13.863415 -0.242600 -0.838920 -0.487195 0.726563 0.289063
0 -4.695680 -11.152262 17.067564 -0.652488 -0.757761 0.007654 0.750000 0.320313
..\w_dual_rpg\w_rpg_reference.BMP
0 -7.984995 -11.152262 14.110205 0.000000 -1.000000 0.000000 0.703125 0.335938
0 -5.036626 -11.152262 10.825270 0.000900 -0.760326 0.649541 0.687500 0.289063
0 -3.532573 -11.152262 13.863415 -0.242600 -0.838920 -0.487195 0.726563 0.289063
..\w_dual_rpg\w_rpg_reference.BMP
0 -7.984995 -11.152262 14.110205 0.000000 -1.000000 0.000000 0.703125 0.335938
0 -8.214252 -11.152262 9.693731 -0.478816 -0.847034 0.230800 0.656250 0.312500
0 -5.036626 -11.152262 10.825270 0.000900 -0.760326 0.649541 0.687500 0.289063
..\w_dual_rpg\w_rpg_reference.BMP
0 -7.984995 -11.152262 14.110205 0.000000 -1.000000 0.000000 0.703125 0.335938
0 -11.274317 -11.152262 11.152843 0.649655 -0.760176 -0.009047 0.656250 0.351563
0 -8.214252 -11.152262 9.693731 -0.478816 -0.847034 0.230800 0.656250 0.312500
..\w_dual_rpg\w_rpg_reference.BMP
0 -7.984995 -11.152262 14.110205 0.000000 -1.000000 0.000000 0.703125 0.335938
0 -12.410460 -11.152262 14.343845 0.233610 -0.841055 0.487907 0.687500 0.382813
0 -11.274317 -11.152262 11.152843 0.649655 -0.760176 -0.009047 0.656250 0.351563
..\w_dual_rpg\w_rpg_reference.BMP
0 -7.984995 -11.152262 14.110205 0.000000 -1.000000 0.000000 0.703125 0.335938
0 -10.951345 -11.152262 17.403906 -0.015810 -0.754539 -0.656065 0.726563 0.382813
0 -12.410460 -11.152262 14.343845 0.233610 -0.841055 0.487907 0.687500 0.382813
..\w_dual_rpg\w_rpg_reference.BMP
0 -1.543859 -11.932262 17.188097 0.000416 1.000000 0.000852 0.000000 0.359375
0 -2.319936 -12.702263 18.334311 -0.605309 0.426523 0.672071 0.015625 0.382813
0 -0.938907 -12.702263 18.428434 0.279349 0.425770 0.860630 0.015625 0.320313
..\w_dual_rpg\w_rpg_reference.BMP
0 -1.543859 -11.932262 17.188097 0.000416 1.000000 0.000852 0.000000 0.359375
0 -2.929271 -12.702263 17.084986 -0.884067 0.427124 -0.189710 0.015625 0.421875
0 -2.319936 -12.702263 18.334311 -0.605309 0.426523 0.672071 0.015625 0.382813
..\w_dual_rpg\w_rpg_reference.BMP
0 -1.543859 -11.932262 17.188097 0.000416 1.000000 0.000852 0.000000 0.359375
0 -2.153195 -12.702263 15.938772 -0.279014 0.426967 -0.860145 0.015625 0.406250
0 -2.929271 -12.702263 17.084986 -0.884067 0.427124 -0.189710 0.015625 0.421875
..\w_dual_rpg\w_rpg_reference.BMP
0 -1.543859 -11.932262 17.188097 0.000416 1.000000 0.000852 0.000000 0.359375
0 -0.772165 -12.702263 16.032896 0.605447 0.427102 -0.671578 0.015625 0.343750
0 -2.153195 -12.702263 15.938772 -0.279014 0.426967 -0.860145 0.015625 0.406250
..\w_dual_rpg\w_rpg_reference.BMP
0 -1.543859 -11.932262 17.188097 0.000416 1.000000 0.000852 0.000000 0.359375
0 -0.162830 -12.702263 17.282221 0.884297 0.426506 0.190028 0.015625 0.296875
0 -0.772165 -12.702263 16.032896 0.605447 0.427102 -0.671578 0.015625 0.343750
..\w_dual_rpg\w_rpg_reference.BMP
0 -1.543859 -11.932262 17.188097 0.000416 1.000000 0.000852 0.000000 0.359375
0 -0.938907 -12.702263 18.428434 0.279349 0.425770 0.860630 0.015625 0.320313
0 -0.162830 -12.702263 17.282221 0.884297 0.426506 0.190028 0.015625 0.296875
..\w_dual_rpg\w_rpg_reference.BMP
0 -2.970389 20.217739 11.731174 0.290655 0.530990 -0.795970 0.726563 0.070313
0 -7.904767 20.217739 14.137831 -0.436567 0.603022 -0.667663 0.726563 0.351563
0 -1.444858 20.217739 14.858978 0.620839 0.593363 0.512327 0.601563 0.070313
..\w_dual_rpg\w_rpg_reference.BMP
0 -1.444858 20.217739 14.858978 0.620839 0.593363 0.512327 0.601563 0.070313
0 -7.904767 20.217739 14.137831 -0.436567 0.603022 -0.667663 0.726563 0.351563
0 -6.379236 20.217739 17.265635 0.253412 0.709724 0.657324 0.601563 0.351563
..\w_dual_rpg\w_rpg_reference.BMP
0 -7.904767 20.217739 14.137831 -0.436567 0.603022 -0.667663 0.726563 0.351563
0 -8.887981 20.217739 14.973408 -0.606724 0.784706 -0.126976 0.726563 0.429688
0 -6.379236 20.217739 17.265635 0.253412 0.709724 0.657324 0.601563 0.351563
..\w_dual_rpg\w_rpg_reference.BMP
0 -6.379236 20.217739 17.265635 0.253412 0.709724 0.657324 0.601563 0.351563
0 -8.887981 20.217739 14.973408 -0.606724 0.784706 -0.126976 0.726563 0.429688
0 -7.647392 20.217739 17.516996 -0.423940 0.300937 0.854232 0.601563 0.429688
..\w_dual_rpg\w_rpg_reference.BMP
0 -2.319936 -17.722260 18.334311 -0.215797 -0.834169 0.507538 0.101563 0.101563
0 -0.162830 -17.722260 17.282221 0.791880 -0.603190 -0.095330 0.101563 0.031250
0 -0.938907 -17.722260 18.428434 0.561051 -0.353284 0.748607 0.117188 0.062500
..\w_dual_rpg\w_rpg_reference.BMP
0 -2.319936 -17.722260 18.334311 -0.215797 -0.834169 0.507538 0.101563 0.101563
0 -0.772165 -17.722260 16.032896 0.312087 -0.603190 -0.734005 0.062500 0.031250
0 -0.162830 -17.722260 17.282221 0.791880 -0.603190 -0.095330 0.101563 0.031250
..\w_dual_rpg\w_rpg_reference.BMP
0 -2.319936 -17.722260 18.334311 -0.215797 -0.834169 0.507538 0.101563 0.101563
0 -2.153195 -17.722260 15.938772 -0.478566 -0.602688 -0.638547 0.046875 0.062500
0 -0.772165 -17.722260 16.032896 0.312087 -0.603190 -0.734005 0.062500 0.031250
..\w_dual_rpg\w_rpg_reference.BMP
0 -2.319936 -17.722260 18.334311 -0.215797 -0.834169 0.507538 0.101563 0.101563
0 -2.929271 -17.722260 17.084986 -0.928658 -0.353688 0.111796 0.062500 0.101563
0 -2.153195 -17.722260 15.938772 -0.478566 -0.602688 -0.638547 0.046875 0.062500
..\w_dual_rpg\w_rpg_reference.BMP
0 -3.528984 -9.102262 16.220381 -0.874341 0.077052 0.479156 0.125000 0.085938
0 -4.919609 -7.302261 15.285360 0.555200 0.119024 0.823156 0.156250 0.085938
0 -4.087974 -9.272263 16.214865 0.792585 0.259923 -0.551588 0.125000 0.109375
..\w_dual_rpg\w_rpg_reference.BMP
0 -4.087974 -9.272263 16.214865 0.792585 0.259923 -0.551588 0.125000 0.109375
0 -4.919609 -7.302261 15.285360 0.555200 0.119024 0.823156 0.156250 0.085938
0 -5.198923 -7.302261 15.944513 0.985758 -0.148123 -0.079623 0.156250 0.109375
..\w_dual_rpg\w_rpg_reference.BMP
0 -4.919609 -7.302261 15.285360 0.555200 0.119024 0.823156 0.156250 0.085938
0 -3.528984 -9.102262 16.220381 -0.874341 0.077052 0.479156 0.125000 0.085938
0 -5.198923 -7.302261 15.944513 0.985758 -0.148123 -0.079623 0.156250 0.109375
..\w_dual_rpg\w_rpg_reference.BMP
0 -5.198923 -7.302261 15.944513 0.985758 -0.148123 -0.079623 0.156250 0.109375
0 -3.528984 -9.102262 16.220381 -0.874341 0.077052 0.479156 0.125000 0.085938
0 -4.087974 -9.272263 16.214865 0.792585 0.259923 -0.551588 0.125000 0.109375
..\w_dual_rpg\w_rpg_reference.BMP
0 -2.193804 -9.882261 16.882040 0.727129 0.602496 -0.329062 0.085938 0.085938
0 -3.528984 -9.102262 16.220381 -0.874341 0.077052 0.479156 0.125000 0.085938
0 -2.686377 -10.142262 16.944265 -0.937917 -0.302970 0.168883 0.085938 0.109375
..\w_dual_rpg\w_rpg_reference.BMP
0 -2.686377 -10.142262 16.944265 -0.937917 -0.302970 0.168883 0.085938 0.109375
0 -3.528984 -9.102262 16.220381 -0.874341 0.077052 0.479156 0.125000 0.085938
0 -4.087974 -9.272263 16.214865 0.792585 0.259923 -0.551588 0.125000 0.109375
..\w_dual_rpg\w_rpg_reference.BMP
0 -3.528984 -9.102262 16.220381 -0.874341 0.077052 0.479156 0.125000 0.085938
0 -2.193804 -9.882261 16.882040 0.727129 0.602496 -0.329062 0.085938 0.085938
0 -4.087974 -9.272263 16.214865 0.792585 0.259923 -0.551588 0.125000 0.109375
..\w_dual_rpg\w_rpg_reference.BMP
0 -4.087974 -9.272263 16.214865 0.792585 0.259923 -0.551588 0.125000 0.109375
0 -2.193804 -9.882261 16.882040 0.727129 0.602496 -0.329062 0.085938 0.085938
0 -2.686377 -10.142262 16.944265 -0.937917 -0.302970 0.168883 0.085938 0.109375
..\w_dual_rpg\w_rpg_reference.BMP
0 -1.581134 -10.682262 17.339788 -0.136890 -0.970839 0.196804 0.046875 0.085938
0 -2.193804 -9.882261 16.882040 0.727129 0.602496 -0.329062 0.085938 0.085938
0 -2.092123 -10.792263 17.455503 0.480032 0.868056 -0.126680 0.046875 0.109375
..\w_dual_rpg\w_rpg_reference.BMP
0 -2.092123 -10.792263 17.455503 0.480032 0.868056 -0.126680 0.046875 0.109375
0 -2.193804 -9.882261 16.882040 0.727129 0.602496 -0.329062 0.085938 0.085938
0 -2.686377 -10.142262 16.944265 -0.937917 -0.302970 0.168883 0.085938 0.109375
..\w_dual_rpg\w_rpg_reference.BMP
0 -2.193804 -9.882261 16.882040 0.727129 0.602496 -0.329062 0.085938 0.085938
0 -1.581134 -10.682262 17.339788 -0.136890 -0.970839 0.196804 0.046875 0.085938
0 -2.686377 -10.142262 16.944265 -0.937917 -0.302970 0.168883 0.085938 0.109375
..\w_dual_rpg\w_rpg_reference.BMP
0 -2.686377 -10.142262 16.944265 -0.937917 -0.302970 0.168883 0.085938 0.109375
0 -1.581134 -10.682262 17.339788 -0.136890 -0.970839 0.196804 0.046875 0.085938
0 -2.092123 -10.792263 17.455503 0.480032 0.868056 -0.126680 0.046875 0.109375
..\w_dual_rpg\w_rpg_reference.BMP
0 -1.368069 -12.682262 17.502893 -0.199264 0.030200 -0.979480 0.000000 0.085938
0 -1.581134 -10.682262 17.339788 -0.136890 -0.970839 0.196804 0.046875 0.085938
0 -2.014734 -12.672262 17.317625 0.233546 0.068869 0.969904 0.000000 0.109375
..\w_dual_rpg\w_rpg_reference.BMP
0 -2.014734 -12.672262 17.317625 0.233546 0.068869 0.969904 0.000000 0.109375
0 -1.581134 -10.682262 17.339788 -0.136890 -0.970839 0.196804 0.046875 0.085938
0 -2.092123 -10.792263 17.455503 0.480032 0.868056 -0.126680 0.046875 0.109375
..\w_dual_rpg\w_rpg_reference.BMP
0 -1.581134 -10.682262 17.339788 -0.136890 -0.970839 0.196804 0.046875 0.085938
0 -1.368069 -12.682262 17.502893 -0.199264 0.030200 -0.979480 0.000000 0.085938
0 -2.092123 -10.792263 17.455503 0.480032 0.868056 -0.126680 0.046875 0.109375
..\w_dual_rpg\w_rpg_reference.BMP
0 -2.092123 -10.792263 17.455503 0.480032 0.868056 -0.126680 0.046875 0.109375
0 -1.368069 -12.682262 17.502893 -0.199264 0.030200 -0.979480 0.000000 0.085938
0 -2.014734 -12.672262 17.317625 0.233546 0.068869 0.969904 0.000000 0.109375
..\w_dual_rpg\w_rpg_reference.BMP
0 -11.569723 7.477738 17.071325 -0.569468 -0.505245 0.648409 0.359375 0.914063
0 -11.551748 34.837738 17.062559 -0.453192 0.214159 0.865305 0.773438 0.914063
0 -12.524931 7.477738 15.067236 -0.957893 -0.216026 -0.189137 0.375000 0.992188
..\w_dual_rpg\w_rpg_reference.BMP
0 -12.524931 7.477738 15.067236 -0.957893 -0.216026 -0.189137 0.375000 0.992188
0 -11.551748 34.837738 17.062559 -0.453192 0.214159 0.865305 0.773438 0.914063
0 -12.506956 34.837738 15.058470 -0.869679 0.491843 0.041820 0.773438 0.992188
..\w_dual_rpg\w_rpg_reference.BMP
0 -9.924931 -9.372263 16.269106 -0.610423 0.523791 0.594161 0.117188 0.789063
0 -11.421587 -11.172262 17.922533 -0.927240 0.084688 0.364765 0.000000 0.796875
0 -7.834567 -9.372263 16.996355 0.008371 0.378568 0.925536 0.117188 0.671875
..\w_dual_rpg\w_rpg_reference.BMP
0 -7.834567 -9.372263 16.996355 0.008371 0.378568 0.925536 0.117188 0.671875
0 -11.421587 -11.172262 17.922533 -0.927240 0.084688 0.364765 0.000000 0.796875
0 -7.722463 -11.172262 19.233637 0.174266 0.317701 0.932039 0.000000 0.671875
..\w_dual_rpg\w_rpg_reference.BMP
0 -10.880136 -9.372263 14.265017 -0.894078 0.442023 0.072392 0.117188 0.828125
0 -13.113035 -11.172262 14.386112 -0.930313 0.325233 0.169533 0.000000 0.828125
0 -9.924931 -9.372263 16.269106 -0.610423 0.523791 0.594161 0.117188 0.789063
..\w_dual_rpg\w_rpg_reference.BMP
0 -9.924931 -9.372263 16.269106 -0.610423 0.523791 0.594161 0.117188 0.789063
0 -13.113035 -11.172262 14.386112 -0.930313 0.325233 0.169533 0.000000 0.828125
0 -11.421587 -11.172262 17.922533 -0.927240 0.084688 0.364765 0.000000 0.796875
..\w_dual_rpg\w_rpg_reference.BMP
0 -10.139517 -9.372263 12.179262 -0.741589 0.378541 -0.553852 0.117188 0.750000
0 -11.806314 -11.172262 10.677999 -0.366182 0.078588 -0.927219 0.000000 0.750000
0 -10.880136 -9.372263 14.265017 -0.894078 0.442023 0.072392 0.117188 0.828125
..\w_dual_rpg\w_rpg_reference.BMP
0 -10.880136 -9.372263 14.265017 -0.894078 0.442023 0.072392 0.117188 0.828125
0 -11.806314 -11.172262 10.677999 -0.366182 0.078588 -0.927219 0.000000 0.750000
0 -13.113035 -11.172262 14.386112 -0.930313 0.325233 0.169533 0.000000 0.828125
..\w_dual_rpg\w_rpg_reference.BMP
0 -8.135426 -9.372263 11.224052 -0.070958 0.442894 -0.893762 0.117188 0.640625
0 -8.260904 -11.172262 8.982166 -0.166095 0.322905 -0.931743 0.000000 0.640625
0 -10.139517 -9.372263 12.179262 -0.741589 0.378541 -0.553852 0.117188 0.750000
..\w_dual_rpg\w_rpg_reference.BMP
0 -10.139517 -9.372263 12.179262 -0.741589 0.378541 -0.553852 0.117188 0.750000
0 -8.260904 -11.172262 8.982166 -0.166095 0.322905 -0.931743 0.000000 0.640625
0 -11.806314 -11.172262 10.677999 -0.366182 0.078588 -0.927219 0.000000 0.750000
..\w_dual_rpg\w_rpg_reference.BMP
0 -6.058659 -9.372263 11.969057 0.580192 0.444080 -0.682767 0.117188 0.523438
0 -4.557398 -11.172262 10.302258 0.928916 0.096083 -0.357607 0.000000 0.515625
0 -8.135426 -9.372263 11.224052 -0.070958 0.442894 -0.893762 0.117188 0.640625
..\w_dual_rpg\w_rpg_reference.BMP
0 -8.135426 -9.372263 11.224052 -0.070958 0.442894 -0.893762 0.117188 0.640625
0 -4.557398 -11.172262 10.302258 0.928916 0.096083 -0.357607 0.000000 0.515625
0 -8.260904 -11.172262 8.982166 -0.166095 0.322905 -0.931743 0.000000 0.640625
..\w_dual_rpg\w_rpg_reference.BMP
0 -5.107835 -9.372263 13.964159 0.892878 0.444537 -0.071800 0.117188 0.476563
0 -2.829996 -11.172262 13.821148 0.929374 0.329613 -0.166188 0.000000 0.476563
0 -6.058659 -9.372263 11.969057 0.580192 0.444080 -0.682767 0.117188 0.523438
..\w_dual_rpg\w_rpg_reference.BMP
0 -6.058659 -9.372263 11.969057 0.580192 0.444080 -0.682767 0.117188 0.523438
0 -2.829996 -11.172262 13.821148 0.929374 0.329613 -0.166188 0.000000 0.476563
0 -4.557398 -11.172262 10.302258 0.928916 0.096083 -0.357607 0.000000 0.515625
..\w_dual_rpg\w_rpg_reference.BMP
0 -5.839467 -9.372263 16.045530 0.684354 0.441746 0.580103 0.117188 0.562500
0 -4.177052 -11.172262 17.537806 0.361784 0.080914 0.928744 0.000000 0.562500
0 -5.107835 -9.372263 13.964159 0.892878 0.444537 -0.071800 0.117188 0.476563
..\w_dual_rpg\w_rpg_reference.BMP
0 -5.107835 -9.372263 13.964159 0.892878 0.444537 -0.071800 0.117188 0.476563
0 -4.177052 -11.172262 17.537806 0.361784 0.080914 0.928744 0.000000 0.562500
0 -2.829996 -11.172262 13.821148 0.929374 0.329613 -0.166188 0.000000 0.476563
..\w_dual_rpg\w_rpg_reference.BMP
0 -7.834567 -9.372263 16.996355 0.008371 0.378568 0.925536 0.117188 0.671875
0 -7.722463 -11.172262 19.233637 0.174266 0.317701 0.932039 0.000000 0.671875
0 -5.839467 -9.372263 16.045530 0.684354 0.441746 0.580103 0.117188 0.562500
..\w_dual_rpg\w_rpg_reference.BMP
0 -5.839467 -9.372263 16.045530 0.684354 0.441746 0.580103 0.117188 0.562500
0 -7.722463 -11.172262 19.233637 0.174266 0.317701 0.932039 0.000000 0.671875
0 -4.177052 -11.172262 17.537806 0.361784 0.080914 0.928744 0.000000 0.562500
..\w_dual_rpg\w_rpg_reference.BMP
0 -7.834567 45.557739 16.996355 -0.024205 -0.329667 0.943787 0.929688 0.781250
0 -7.703853 48.217735 19.613970 0.069601 -0.262870 0.962318 0.968750 0.835938
0 -9.924931 45.557739 16.269106 -0.630254 -0.384227 0.674647 0.929688 0.859375
..\w_dual_rpg\w_rpg_reference.BMP
0 -9.924931 45.557739 16.269106 -0.630254 -0.384227 0.674647 0.929688 0.859375
0 -7.703853 48.217735 19.613970 0.069601 -0.262870 0.962318 0.968750 0.835938
0 -11.674791 48.217735 18.201796 -0.632336 -0.262101 0.729009 0.968750 0.992188
..\w_dual_rpg\w_rpg_reference.BMP
0 -9.924931 45.557739 16.269106 -0.630254 -0.384227 0.674647 0.929688 0.859375
0 -11.674791 48.217735 18.201796 -0.632336 -0.262101 0.729009 0.968750 0.992188
0 -10.880136 45.557739 14.265017 -0.882522 -0.457065 0.110663 0.929688 0.859375
..\w_dual_rpg\w_rpg_reference.BMP
0 -10.880136 45.557739 14.265017 -0.882522 -0.457065 0.110663 0.929688 0.859375
0 -11.674791 48.217735 18.201796 -0.632336 -0.262101 0.729009 0.968750 0.992188
0 -13.493368 48.217735 14.404722 -0.962084 -0.263852 0.069114 0.968750 0.984375
..\w_dual_rpg\w_rpg_reference.BMP
0 -10.880136 45.557739 14.265017 -0.882522 -0.457065 0.110663 0.929688 0.859375
0 -13.493368 48.217735 14.404722 -0.962084 -0.263852 0.069114 0.968750 0.984375
0 -10.139517 45.557739 12.179262 -0.730175 -0.330364 -0.598084 0.929688 0.781250
..\w_dual_rpg\w_rpg_reference.BMP
0 -10.139517 45.557739 12.179262 -0.730175 -0.330364 -0.598084 0.929688 0.781250
0 -13.493368 48.217735 14.404722 -0.962084 -0.263852 0.069114 0.968750 0.984375
0 -12.085577 48.217735 10.424795 -0.728531 -0.264115 -0.632048 0.968750 0.828125
..\w_dual_rpg\w_rpg_reference.BMP
0 -10.139517 45.557739 12.179262 -0.730175 -0.330364 -0.598084 0.929688 0.781250
0 -12.085577 48.217735 10.424795 -0.728531 -0.264115 -0.632048 0.968750 0.828125
0 -8.135426 45.557739 11.224052 -0.026979 -0.386159 -0.922038 0.929688 0.664063
..\w_dual_rpg\w_rpg_reference.BMP
0 -8.135426 45.557739 11.224052 -0.026979 -0.386159 -0.922038 0.929688 0.664063
0 -12.085577 48.217735 10.424795 -0.728531 -0.264115 -0.632048 0.968750 0.828125
0 -8.275131 48.217735 8.610821 -0.066867 -0.263894 -0.962231 0.968750 0.609375
..\w_dual_rpg\w_rpg_reference.BMP
0 -8.135426 45.557739 11.224052 -0.026979 -0.386159 -0.922038 0.929688 0.664063
0 -8.275131 48.217735 8.610821 -0.066867 -0.263894 -0.962231 0.968750 0.609375
0 -6.058659 45.557739 11.969057 0.632463 -0.385772 -0.671692 0.929688 0.578125
..\w_dual_rpg\w_rpg_reference.BMP
0 -6.058659 45.557739 11.969057 0.632463 -0.385772 -0.671692 0.929688 0.578125
0 -8.275131 48.217735 8.610821 -0.066867 -0.263894 -0.962231 0.968750 0.609375
0 -4.304192 48.217735 10.022997 0.629569 -0.265694 -0.730103 0.968750 0.453125
..\w_dual_rpg\w_rpg_reference.BMP
0 -6.058659 45.557739 11.969057 0.632463 -0.385772 -0.671692 0.929688 0.578125
0 -4.304192 48.217735 10.022997 0.629569 -0.265694 -0.730103 0.968750 0.453125
0 -5.107835 45.557739 13.964159 0.921095 -0.388077 -0.031298 0.929688 0.585938
..\w_dual_rpg\w_rpg_reference.BMP
0 -5.107835 45.557739 13.964159 0.921095 -0.388077 -0.031298 0.929688 0.585938
0 -4.304192 48.217735 10.022997 0.629569 -0.265694 -0.730103 0.968750 0.453125
0 -2.458651 48.217735 13.806921 0.961401 -0.265780 -0.071194 0.968750 0.453125
..\w_dual_rpg\w_rpg_reference.BMP
0 -5.107835 45.557739 13.964159 0.921095 -0.388077 -0.031298 0.929688 0.585938
0 -2.458651 48.217735 13.806921 0.961401 -0.265780 -0.071194 0.968750 0.453125
0 -5.839467 45.557739 16.045530 0.672000 -0.386715 0.631560 0.929688 0.664063
..\w_dual_rpg\w_rpg_reference.BMP
0 -5.839467 45.557739 16.045530 0.672000 -0.386715 0.631560 0.929688 0.664063
0 -2.458651 48.217735 13.806921 0.961401 -0.265780 -0.071194 0.968750 0.453125
0 -3.897791 48.217735 17.791010 0.727278 -0.263281 0.633838 0.968750 0.617188
..\w_dual_rpg\w_rpg_reference.BMP
0 -5.839467 45.557739 16.045530 0.672000 -0.386715 0.631560 0.929688 0.664063
0 -3.897791 48.217735 17.791010 0.727278 -0.263281 0.633838 0.968750 0.617188
0 -7.834567 45.557739 16.996355 -0.024205 -0.329667 0.943787 0.929688 0.781250
..\w_dual_rpg\w_rpg_reference.BMP
0 -7.834567 45.557739 16.996355 -0.024205 -0.329667 0.943787 0.929688 0.781250
0 -3.897791 48.217735 17.791010 0.727278 -0.263281 0.633838 0.968750 0.617188
0 -7.703853 48.217735 19.613970 0.069601 -0.262870 0.962318 0.968750 0.835938
..\w_dual_rpg\w_rpg_reference.BMP
0 -7.703853 48.217735 19.613970 0.069601 -0.262870 0.962318 0.968750 0.835938
0 -7.714135 49.387741 19.296331 -0.097217 0.814948 0.571322 0.984375 0.828125
0 -11.674791 48.217735 18.201796 -0.632336 -0.262101 0.729009 0.968750 0.992188
..\w_dual_rpg\w_rpg_reference.BMP
0 -11.674791 48.217735 18.201796 -0.632336 -0.262101 0.729009 0.968750 0.992188
0 -7.714135 49.387741 19.296331 -0.097217 0.814948 0.571322 0.984375 0.828125
0 -11.466745 49.387741 17.966814 -0.473365 0.813925 0.336825 0.984375 0.976563
..\w_dual_rpg\w_rpg_reference.BMP
0 -11.674791 48.217735 18.201796 -0.632336 -0.262101 0.729009 0.968750 0.992188
0 -11.466745 49.387741 17.966814 -0.473365 0.813925 0.336825 0.984375 0.976563
0 -13.493368 48.217735 14.404722 -0.962084 -0.263852 0.069114 0.968750 0.984375
..\w_dual_rpg\w_rpg_reference.BMP
0 -13.493368 48.217735 14.404722 -0.962084 -0.263852 0.069114 0.968750 0.984375
0 -11.466745 49.387741 17.966814 -0.473365 0.813925 0.336825 0.984375 0.976563
0 -13.180117 49.387741 14.385450 -0.572782 0.813966 -0.096857 0.984375 0.968750
..\w_dual_rpg\w_rpg_reference.BMP
0 -13.493368 48.217735 14.404722 -0.962084 -0.263852 0.069114 0.968750 0.984375
0 -13.180117 49.387741 14.385450 -0.572782 0.813966 -0.096857 0.984375 0.968750
0 -12.085577 48.217735 10.424795 -0.728531 -0.264115 -0.632048 0.968750 0.828125
..\w_dual_rpg\w_rpg_reference.BMP
0 -12.085577 48.217735 10.424795 -0.728531 -0.264115 -0.632048 0.968750 0.828125
0 -13.180117 49.387741 14.385450 -0.572782 0.813966 -0.096857 0.984375 0.968750
0 -11.850595 49.387741 10.632841 -0.335948 0.814020 -0.473824 0.984375 0.820313
..\w_dual_rpg\w_rpg_reference.BMP
0 -12.085577 48.217735 10.424795 -0.728531 -0.264115 -0.632048 0.968750 0.828125
0 -11.850595 49.387741 10.632841 -0.335948 0.814020 -0.473824 0.984375 0.820313
0 -8.275131 48.217735 8.610821 -0.066867 -0.263894 -0.962231 0.968750 0.609375
..\w_dual_rpg\w_rpg_reference.BMP
0 -8.275131 48.217735 8.610821 -0.066867 -0.263894 -0.962231 0.968750 0.609375
0 -11.850595 49.387741 10.632841 -0.335948 0.814020 -0.473824 0.984375 0.820313
0 -8.255857 49.387741 8.924076 0.098020 0.813145 -0.573748 0.984375 0.617188
..\w_dual_rpg\w_rpg_reference.BMP
0 -8.275131 48.217735 8.610821 -0.066867 -0.263894 -0.962231 0.968750 0.609375
0 -8.255857 49.387741 8.924076 0.098020 0.813145 -0.573748 0.984375 0.617188
0 -4.304192 48.217735 10.022997 0.629569 -0.265694 -0.730103 0.968750 0.453125
..\w_dual_rpg\w_rpg_reference.BMP
0 -4.304192 48.217735 10.022997 0.629569 -0.265694 -0.730103 0.968750 0.453125
0 -8.255857 49.387741 8.924076 0.098020 0.813145 -0.573748 0.984375 0.617188
0 -4.516622 49.387741 10.248993 0.472539 0.812800 -0.340682 0.984375 0.468750
..\w_dual_rpg\w_rpg_reference.BMP
0 -4.304192 48.217735 10.022997 0.629569 -0.265694 -0.730103 0.968750 0.453125
0 -4.516622 49.387741 10.248993 0.472539 0.812800 -0.340682 0.984375 0.468750
0 -2.458651 48.217735 13.806921 0.961401 -0.265780 -0.071194 0.968750 0.453125
..\w_dual_rpg\w_rpg_reference.BMP
0 -2.458651 48.217735 13.806921 0.961401 -0.265780 -0.071194 0.968750 0.453125
0 -4.516622 49.387741 10.248993 0.472539 0.812800 -0.340682 0.984375 0.468750
0 -2.776289 49.387741 13.817205 0.571993 0.814332 0.098428 0.984375 0.468750
..\w_dual_rpg\w_rpg_reference.BMP
0 -2.458651 48.217735 13.806921 0.961401 -0.265780 -0.071194 0.968750 0.453125
0 -2.776289 49.387741 13.817205 0.571993 0.814332 0.098428 0.984375 0.468750
0 -3.897791 48.217735 17.791010 0.727278 -0.263281 0.633838 0.968750 0.617188
..\w_dual_rpg\w_rpg_reference.BMP
0 -3.897791 48.217735 17.791010 0.727278 -0.263281 0.633838 0.968750 0.617188
0 -2.776289 49.387741 13.817205 0.571993 0.814332 0.098428 0.984375 0.468750
0 -4.123786 49.387741 17.578581 0.337513 0.813082 0.474323 0.984375 0.617188
..\w_dual_rpg\w_rpg_reference.BMP
0 -3.897791 48.217735 17.791010 0.727278 -0.263281 0.633838 0.968750 0.617188
0 -4.123786 49.387741 17.578581 0.337513 0.813082 0.474323 0.984375 0.617188
0 -7.703853 48.217735 19.613970 0.069601 -0.262870 0.962318 0.968750 0.835938
..\w_dual_rpg\w_rpg_reference.BMP
0 -7.703853 48.217735 19.613970 0.069601 -0.262870 0.962318 0.968750 0.835938
0 -4.123786 49.387741 17.578581 0.337513 0.813082 0.474323 0.984375 0.617188
0 -7.714135 49.387741 19.296331 -0.097217 0.814948 0.571322 0.984375 0.828125
..\w_dual_rpg\w_rpg_reference.BMP
0 -10.880136 5.827738 14.265017 -0.941600 -0.315418 -0.117904 0.343750 0.828125
0 -10.880136 -9.372263 14.265017 -0.894078 0.442023 0.072392 0.117188 0.828125
0 -9.924931 5.827738 16.269106 -0.395012 -0.117113 0.911181 0.343750 0.789063
..\w_dual_rpg\w_rpg_reference.BMP
0 -9.924931 5.827738 16.269106 -0.395012 -0.117113 0.911181 0.343750 0.789063
0 -10.880136 -9.372263 14.265017 -0.894078 0.442023 0.072392 0.117188 0.828125
0 -9.924931 -9.372263 16.269106 -0.610423 0.523791 0.594161 0.117188 0.789063
..\w_dual_rpg\w_rpg_reference.BMP
0 -10.880136 45.557739 14.265017 -0.882522 -0.457065 0.110663 0.921875 0.828125
0 -10.916090 36.507736 14.282553 -0.959309 0.115504 -0.257654 0.789063 0.828125
0 -9.924931 45.557739 16.269106 -0.630254 -0.384227 0.674647 0.921875 0.789063
..\w_dual_rpg\w_rpg_reference.BMP
0 -9.924931 45.557739 16.269106 -0.630254 -0.384227 0.674647 0.921875 0.789063
0 -10.916090 36.507736 14.282553 -0.959309 0.115504 -0.257654 0.789063 0.828125
0 -9.951893 36.507736 16.282259 -0.497316 0.310137 0.810242 0.789063 0.796875
..\w_dual_rpg\w_rpg_reference.BMP
0 -9.951893 36.507736 16.282259 -0.497316 0.310137 0.810242 0.796875 0.835938
0 -11.551748 34.837738 17.062559 -0.453192 0.214159 0.865305 0.773438 0.914063
0 -9.924931 5.827738 16.269106 -0.395012 -0.117113 0.911181 0.335938 0.835938
..\w_dual_rpg\w_rpg_reference.BMP
0 -9.924931 5.827738 16.269106 -0.395012 -0.117113 0.911181 0.335938 0.835938
0 -11.551748 34.837738 17.062559 -0.453192 0.214159 0.865305 0.773438 0.914063
0 -11.569723 7.477738 17.071325 -0.569468 -0.505245 0.648409 0.359375 0.914063
..\w_dual_rpg\w_rpg_reference.BMP
0 -9.924931 5.827738 16.269106 -0.395012 -0.117113 0.911181 0.335938 0.835938
0 -11.569723 7.477738 17.071325 -0.569468 -0.505245 0.648409 0.359375 0.914063
0 -10.880136 5.827738 14.265017 -0.941600 -0.315418 -0.117904 0.335938 0.835938
..\w_dual_rpg\w_rpg_reference.BMP
0 -10.880136 5.827738 14.265017 -0.941600 -0.315418 -0.117904 0.335938 0.835938
0 -11.569723 7.477738 17.071325 -0.569468 -0.505245 0.648409 0.359375 0.914063
0 -12.524931 7.477738 15.067236 -0.957893 -0.216026 -0.189137 0.359375 0.914063
..\w_dual_rpg\w_rpg_reference.BMP
0 -10.880136 5.827738 14.265017 -0.941600 -0.315418 -0.117904 0.335938 0.835938
0 -12.524931 7.477738 15.067236 -0.957893 -0.216026 -0.189137 0.359375 0.914063
0 -10.916090 36.507736 14.282553 -0.959309 0.115504 -0.257654 0.796875 0.835938
..\w_dual_rpg\w_rpg_reference.BMP
0 -10.916090 36.507736 14.282553 -0.959309 0.115504 -0.257654 0.796875 0.835938
0 -12.524931 7.477738 15.067236 -0.957893 -0.216026 -0.189137 0.359375 0.914063
0 -12.506956 34.837738 15.058470 -0.869679 0.491843 0.041820 0.773438 0.914063
..\w_dual_rpg\w_rpg_reference.BMP
0 -10.916090 36.507736 14.282553 -0.959309 0.115504 -0.257654 0.796875 0.835938
0 -12.506956 34.837738 15.058470 -0.869679 0.491843 0.041820 0.773438 0.914063
0 -9.951893 36.507736 16.282259 -0.497316 0.310137 0.810242 0.796875 0.835938
..\w_dual_rpg\w_rpg_reference.BMP
0 -9.951893 36.507736 16.282259 -0.497316 0.310137 0.810242 0.796875 0.835938
0 -12.506956 34.837738 15.058470 -0.869679 0.491843 0.041820 0.773438 0.914063
