version 1
nodes
  0 "Bone04" -1
  1 "MDLDEC_Bone1" 0
  2 "MDLDEC_Bone2" 0
end
skeleton
time 0
  0 0.000000 1.114200 0.158800 1.570800 0.000000 1.570800
  1 0.922000 0.487600 -0.600800 0.123800 0.373400 0.328700
  2 0.923600 0.486700 0.632300 -0.127400 -0.363000 0.346100
end
triangles
HGP_Side1.bmp
  0 0.320012 -0.635799 1.548799 0.894889 -0.101499 0.434594 0.476563 0.791667
  0 -0.069976 -5.975801 -0.441199 0.032999 -0.520086 0.853476 0.000000 0.333333
  0 0.000002 -0.005800 -0.381200 0.029200 -0.530492 -0.847187 0.531250 0.333333
HGP_Side1.bmp
  0 0.000002 -0.005800 -0.381200 0.029200 -0.530492 -0.847187 0.531250 0.333333
  0 -0.069976 -5.975801 -0.441199 0.032999 -0.520086 0.853476 0.000000 0.333333
  0 -0.389988 -0.625801 1.568802 -0.952497 -0.012300 0.304299 0.476563 0.791667
HGP_Side1.bmp
  0 -0.069976 -5.975801 -0.441199 0.032999 -0.520086 0.853476 0.000000 0.333333
  0 0.320012 -0.635799 1.548799 0.894889 -0.101499 0.434594 0.476563 0.791667
  0 -0.389988 -0.625801 1.568802 -0.952497 -0.012300 0.304299 0.476563 0.791667
HGP_Side1.bmp
  0 -0.389988 -0.625801 1.568802 -0.952497 -0.012300 0.304299 0.476563 0.791667
  0 0.320012 -0.635799 1.548799 0.894889 -0.101499 0.434594 0.476563 0.791667
  0 0.020003 2.464200 2.438800 0.101506 0.376222 0.920953 0.757813 1.000000
HGP_Side1.bmp
  0 0.320012 -0.635799 1.548799 0.894889 -0.101499 0.434594 0.476563 0.791667
  0 0.000004 1.094200 1.178800 0.750395 0.252898 0.610696 0.632813 0.708333
  0 0.020003 2.464200 2.438800 0.101506 0.376222 0.920953 0.757813 1.000000
HGP_Side1.bmp
  0 0.020003 2.464200 2.438800 0.101506 0.376222 0.920953 0.757813 1.000000
  0 0.000004 1.094200 1.178800 0.750395 0.252898 0.610696 0.632813 0.708333
  0 0.000002 -0.005800 -0.381200 0.029200 -0.530492 -0.847187 0.531250 0.333333
HGP_Side1.bmp
  0 0.000004 1.094200 1.178800 0.750395 0.252898 0.610696 0.632813 0.708333
  0 -0.590002 2.034198 0.648802 -0.735887 0.312094 0.600889 0.718750 0.583333
  0 0.000002 -0.005800 -0.381200 0.029200 -0.530492 -0.847187 0.531250 0.333333
HGP_Side1.bmp
  0 0.000002 -0.005800 -0.381200 0.029200 -0.530492 -0.847187 0.531250 0.333333
  0 -0.590002 2.034198 0.648802 -0.735887 0.312094 0.600889 0.718750 0.583333
  0 -0.020018 3.994200 -1.741200 0.009000 0.998826 -0.047601 0.890625 0.020833
HGP_Side1.bmp
  0 -0.590002 2.034198 0.648802 -0.735887 0.312094 0.600889 0.718750 0.583333
  0 0.609998 2.024202 0.638798 0.747811 0.309404 0.587408 0.718750 0.583333
  0 -0.020018 3.994200 -1.741200 0.009000 0.998826 -0.047601 0.890625 0.020833
HGP_Side1.bmp
  0 -0.020018 3.994200 -1.741200 0.009000 0.998826 -0.047601 0.890625 0.020833
  0 0.609998 2.024202 0.638798 0.747811 0.309404 0.587408 0.718750 0.583333
  0 0.000002 -0.005800 -0.381200 0.029200 -0.530492 -0.847187 0.531250 0.333333
HGP_Side1.bmp
  0 0.609998 2.024202 0.638798 0.747811 0.309404 0.587408 0.718750 0.583333
  0 0.000004 1.094200 1.178800 0.750395 0.252898 0.610696 0.632813 0.708333
  0 0.000002 -0.005800 -0.381200 0.029200 -0.530492 -0.847187 0.531250 0.333333
HGP_Side1.bmp
  0 0.000002 -0.005800 -0.381200 0.029200 -0.530492 -0.847187 0.531250 0.333333
  0 0.000004 1.094200 1.178800 0.750395 0.252898 0.610696 0.632813 0.708333
  0 0.320012 -0.635799 1.548799 0.894889 -0.101499 0.434594 0.476563 0.791667
HGP_Side1.bmp
  0 0.000002 -0.005800 -0.381200 0.029200 -0.530492 -0.847187 0.531250 0.333333
  0 -0.389988 -0.625801 1.568802 -0.952497 -0.012300 0.304299 0.476563 0.791667
  0 0.000004 1.094200 1.178800 0.750395 0.252898 0.610696 0.632813 0.708333
HGP_Side1.bmp
  0 0.000004 1.094200 1.178800 0.750395 0.252898 0.610696 0.632813 0.708333
  0 -0.389988 -0.625801 1.568802 -0.952497 -0.012300 0.304299 0.476563 0.791667
  0 0.020003 2.464200 2.438800 0.101506 0.376222 0.920953 0.757813 1.000000
HGP_Side1.bmp
  0 0.609998 2.024202 0.638798 0.009499 0.999955 0.000500 0.718750 0.583333
  2 1.430361 3.613764 1.972163 0.009499 0.999955 0.000500 0.859375 0.895833
  2 1.449165 4.835345 0.550197 0.009499 0.999955 0.000500 0.968750 0.562500
HGP_Side1.bmp
  2 1.449165 4.835345 0.550197 0.009499 0.999955 0.000500 0.968750 0.562500
  2 1.430361 3.613764 1.972163 0.009499 0.999955 0.000500 0.859375 0.895833
  0 0.609998 2.024202 0.638798 0.009499 0.999955 0.000500 0.718750 0.583333
HGP_Side1.bmp
  1 -1.416373 4.843055 0.576429 0.009499 0.999955 0.000500 0.968750 0.562500
  1 -1.421511 3.626709 1.973847 0.009499 0.999955 0.000500 0.859375 0.895833
  0 -0.590002 2.034198 0.648802 0.009499 0.999955 0.000500 0.718750 0.583333
HGP_Side1.bmp
  0 -0.590002 2.034198 0.648802 0.009499 0.999955 0.000500 0.718750 0.583333
  1 -1.421511 3.626709 1.973847 0.009499 0.999955 0.000500 0.859375 0.895833
  1 -1.416373 4.843055 0.576429 0.009499 0.999955 0.000500 0.968750 0.562500
HGP_Side1.bmp
  0 0.020003 2.464200 2.438800 0.101506 0.376222 0.920953 0.757813 1.000000
  0 0.000002 -0.005800 -0.381200 0.029200 -0.530492 -0.847187 0.531250 0.333333
  0 -0.389988 -0.625801 1.568802 -0.952497 -0.012300 0.304299 0.476563 0.791667
HGP_Side1.bmp
  0 -0.590002 2.034198 0.648802 -0.735887 0.312094 0.600889 0.718750 0.583333
  0 0.000004 1.094200 1.178800 0.750395 0.252898 0.610696 0.632813 0.708333
  0 0.609998 2.024202 0.638798 0.747811 0.309404 0.587408 0.718750 0.583333
end
