version 1
nodes
  0 "Bip01" -1
  1 "Bip01 Pelvis" 0
  2 "Bip01 Spine" 1
  3 "Bip01 Spine1" 2
  4 "Bip01 Spine2" 3
  5 "Bip01 Spine3" 4
  6 "Bip01 Neck" 5
  7 "Bip01 R Clavicle" 6
  8 "Bip01 R UpperArm" 7
  9 "Bip01 R Forearm" 8
 10 "Bip01 R Hand" 9
 11 "rpg" 10
end
skeleton
time 0
  0 0.233849 0.368164 39.526119 0.000000 0.000000 -1.570795
  1 1.523461 -0.421150 0.000000 -1.570795 -1.570451 0.000000
  2 1.292752 0.684474 -0.000001 -0.000004 -0.000002 -0.103870
  3 5.309481 -0.003677 0.001019 -0.268496 -0.032330 -0.117744
  4 4.826706 -0.004416 0.001224 -0.268759 -0.030015 -0.109331
  5 5.792309 -0.005239 0.000736 -0.139228 -0.009588 -0.069109
  6 6.662316 -0.001452 0.000000 0.000000 -0.000001 0.471000
  7 -2.869899 1.399664 -4.140396 -0.000013 1.370795 2.669783
  8 4.972047 -0.000001 -0.000001 1.036915 -0.589938 -1.749497
  9 11.585353 -0.000001 -0.000001 0.000000 0.000000 -1.837609
 10 10.127061 0.000001 -0.000001 1.949431 -0.006444 0.977757
 11 2.164582 1.638621 3.936291 0.024222 -0.055523 1.646130
end
triangles
..\p_rpg\w_rpg_reference.BMP
 11 -6.425117 0.721758 73.112350 -0.000000 -0.835618 0.549311 0.007813 0.102362
 11 -7.015115 1.265309 73.917313 -0.000000 -0.835618 0.549311 0.046875 0.102362
 11 -7.105117 0.721758 73.112358 -0.000000 -0.835618 0.549311 0.007813 0.102362
..\p_rpg\w_rpg_reference.BMP
 11 -7.105117 0.721758 73.112358 -0.000000 -0.835618 0.549311 0.007813 0.102362
 11 -7.015115 1.265309 73.917313 -0.000000 -0.835618 0.549311 0.046875 0.102362
 11 -7.015111 2.763142 75.906433 -0.000000 -0.601822 -0.798630 0.156250 0.102362
..\p_rpg\w_rpg_reference.BMP
 11 -7.015115 1.265309 73.917313 -0.000000 -0.835618 0.549311 0.046875 0.102362
 11 -7.105117 0.721758 73.112358 -0.000000 -0.835618 0.549311 0.007813 0.102362
 11 -7.015111 2.763142 75.906433 -0.000000 -0.601822 -0.798630 0.156250 0.102362
..\p_rpg\w_rpg_reference.BMP
 11 -7.015111 2.763142 75.906433 -0.000000 -0.601822 -0.798630 0.156250 0.102362
 11 -7.105117 0.721758 73.112358 -0.000000 -0.835618 0.549311 0.007813 0.102362
 11 -7.105111 2.831188 75.930298 -0.000000 -0.601822 -0.798630 0.156250 0.102362
..\p_rpg\w_rpg_reference.BMP
 11 -7.105117 0.721758 73.112358 -0.000000 -0.835618 0.549311 0.007813 0.102362
 11 -7.015111 2.763142 75.906433 -0.000000 -0.601822 -0.798630 0.156250 0.102362
 11 -7.105111 2.831188 75.930298 -0.000000 -0.601822 -0.798630 0.156250 0.102362
..\p_rpg\w_rpg_reference.BMP
 11 -7.105111 2.831188 75.930298 -0.000000 -0.601822 -0.798630 0.156250 0.102362
 11 -7.015111 2.763142 75.906433 -0.000000 -0.601822 -0.798630 0.156250 0.102362
 11 -6.505111 2.763143 75.906425 -0.050901 -0.601013 -0.797617 0.156250 0.102362
..\p_rpg\w_rpg_reference.BMP
 11 -7.015111 2.763142 75.906433 -0.000000 -0.601822 -0.798630 0.156250 0.102362
 11 -7.105111 2.831188 75.930298 -0.000000 -0.601822 -0.798630 0.156250 0.102362
 11 -6.505111 2.763143 75.906425 -0.050901 -0.601013 -0.797617 0.156250 0.102362
..\p_rpg\w_rpg_reference.BMP
 11 -6.505111 2.763143 75.906425 -0.050901 -0.601013 -0.797617 0.156250 0.102362
 11 -7.105111 2.831188 75.930298 -0.000000 -0.601822 -0.798630 0.156250 0.102362
 11 -6.425111 2.831189 75.930298 0.333314 -0.933641 -0.131206 0.156250 0.102362
..\p_rpg\w_rpg_reference.BMP
 11 -7.105111 2.831188 75.930298 -0.000000 -0.601822 -0.798630 0.156250 0.102362
 11 -6.505111 2.763143 75.906425 -0.050901 -0.601013 -0.797617 0.156250 0.102362
 11 -6.425111 2.831189 75.930298 0.333314 -0.933641 -0.131206 0.156250 0.102362
..\p_rpg\w_rpg_reference.BMP
 11 -6.425111 2.831189 75.930298 0.333314 -0.933641 -0.131206 0.156250 0.102362
 11 -6.505111 2.763143 75.906425 -0.050901 -0.601013 -0.797617 0.156250 0.102362
 11 -6.505115 1.265310 73.917313 -0.000000 -0.835618 0.549311 0.046875 0.102362
..\p_rpg\w_rpg_reference.BMP
 11 -6.505111 2.763143 75.906425 -0.050901 -0.601013 -0.797617 0.156250 0.102362
 11 -6.425111 2.831189 75.930298 0.333314 -0.933641 -0.131206 0.156250 0.102362
 11 -6.505115 1.265310 73.917313 -0.000000 -0.835618 0.549311 0.046875 0.102362
..\p_rpg\w_rpg_reference.BMP
 11 -6.505115 1.265310 73.917313 -0.000000 -0.835618 0.549311 0.046875 0.102362
 11 -6.425111 2.831189 75.930298 0.333314 -0.933641 -0.131206 0.156250 0.102362
 11 -6.425117 0.721758 73.112350 -0.000000 -0.835618 0.549311 0.007813 0.102362
..\p_rpg\w_rpg_reference.BMP
 11 -6.425111 2.831189 75.930298 0.333314 -0.933641 -0.131206 0.156250 0.102362
 11 -6.505115 1.265310 73.917313 -0.000000 -0.835618 0.549311 0.046875 0.102362
 11 -6.425117 0.721758 73.112350 -0.000000 -0.835618 0.549311 0.007813 0.102362
..\p_rpg\w_rpg_reference.BMP
 11 -6.425117 0.721758 73.112350 -0.000000 -0.835618 0.549311 0.007813 0.102362
 11 -6.505115 1.265310 73.917313 -0.000000 -0.835618 0.549311 0.046875 0.102362
 11 -7.015115 1.265309 73.917313 -0.000000 -0.835618 0.549311 0.046875 0.102362
..\p_rpg\w_rpg_reference.BMP
 11 -2.945079 -18.036474 81.316483 0.673396 0.450197 0.586397 0.164063 0.385827
 11 -2.515080 -18.475597 80.733322 0.981989 -0.113699 -0.150898 0.164063 0.322835
 11 -2.515087 -16.031139 78.892616 0.981989 0.113699 0.150898 0.015625 0.322835
..\p_rpg\w_rpg_reference.BMP
 11 -2.515087 -16.031139 78.892616 0.981989 0.113699 0.150898 0.015625 0.322835
 11 -2.515080 -18.475597 80.733322 0.981989 -0.113699 -0.150898 0.164063 0.322835
 11 -2.945089 -16.470263 78.309464 0.654693 -0.454896 -0.603694 0.015625 0.299213
..\p_rpg\w_rpg_reference.BMP
 11 -2.515080 -18.475597 80.733322 0.981989 -0.113699 -0.150898 0.164063 0.322835
 11 -2.945082 -18.914722 80.150169 0.327305 -0.568710 -0.754613 0.164063 0.299213
 11 -2.945089 -16.470263 78.309464 0.654693 -0.454896 -0.603694 0.015625 0.299213
..\p_rpg\w_rpg_reference.BMP
 11 -2.945089 -16.470263 78.309464 0.654693 -0.454896 -0.603694 0.015625 0.299213
 11 -2.945082 -18.914722 80.150169 0.327305 -0.568710 -0.754613 0.164063 0.299213
 11 -3.785089 -16.470264 78.309464 -0.327306 -0.568709 -0.754613 0.015625 0.346457
..\p_rpg\w_rpg_reference.BMP
 11 -2.945082 -18.914722 80.150169 0.327305 -0.568710 -0.754613 0.164063 0.299213
 11 -3.785082 -18.914722 80.150169 -0.654693 -0.454895 -0.603694 0.164063 0.346457
 11 -3.785089 -16.470264 78.309464 -0.327306 -0.568709 -0.754613 0.015625 0.346457
..\p_rpg\w_rpg_reference.BMP
 11 -3.785089 -16.470264 78.309464 -0.327306 -0.568709 -0.754613 0.015625 0.346457
 11 -3.785082 -18.914722 80.150169 -0.654693 -0.454895 -0.603694 0.164063 0.346457
 11 -4.215087 -16.031139 78.892616 -0.977345 -0.127406 -0.169008 0.015625 0.409449
..\p_rpg\w_rpg_reference.BMP
 11 -3.785082 -18.914722 80.150169 -0.654693 -0.454895 -0.603694 0.164063 0.346457
 11 -4.215081 -18.475599 80.733330 -0.981989 0.113699 0.150898 0.164063 0.409449
 11 -4.215087 -16.031139 78.892616 -0.977345 -0.127406 -0.169008 0.015625 0.409449
..\p_rpg\w_rpg_reference.BMP
 11 -4.215087 -16.031139 78.892616 -0.977345 -0.127406 -0.169008 0.015625 0.409449
 11 -4.215081 -18.475599 80.733330 -0.981989 0.113699 0.150898 0.164063 0.409449
 11 -3.785086 -15.592016 79.475777 -0.654693 0.454896 0.603694 0.015625 0.425197
..\p_rpg\w_rpg_reference.BMP
 11 -4.215081 -18.475599 80.733330 -0.981989 0.113699 0.150898 0.164063 0.409449
 11 -3.785079 -18.036476 81.316483 -0.327305 0.568710 0.754613 0.164063 0.425197
 11 -3.785086 -15.592016 79.475777 -0.654693 0.454896 0.603694 0.015625 0.425197
..\p_rpg\w_rpg_reference.BMP
 11 -3.785086 -15.592016 79.475777 -0.654693 0.454896 0.603694 0.015625 0.425197
 11 -3.785079 -18.036476 81.316483 -0.327305 0.568710 0.754613 0.164063 0.425197
 11 -2.945086 -15.592015 79.475769 0.327306 0.568709 0.754613 0.015625 0.385827
..\p_rpg\w_rpg_reference.BMP
 11 -3.785079 -18.036476 81.316483 -0.327305 0.568710 0.754613 0.164063 0.425197
 11 -2.945079 -18.036474 81.316483 0.673396 0.450197 0.586397 0.164063 0.385827
 11 -2.945086 -15.592015 79.475769 0.327306 0.568709 0.754613 0.015625 0.385827
..\p_rpg\w_rpg_reference.BMP
 11 -2.945086 -15.592015 79.475769 0.327306 0.568709 0.754613 0.015625 0.385827
 11 -2.945079 -18.036474 81.316483 0.673396 0.450197 0.586397 0.164063 0.385827
 11 -2.515087 -16.031139 78.892616 0.981989 0.113699 0.150898 0.015625 0.322835
..\p_rpg\w_rpg_reference.BMP
 11 -7.465149 10.606767 64.279305 -0.715328 0.420217 0.558322 0.789063 0.834646
 11 -8.415164 14.436833 60.155922 -0.970613 0.144802 0.192203 0.921875 0.755906
 11 -8.415087 -12.374316 80.357590 -0.868274 0.298291 0.396388 0.117188 0.755906
..\p_rpg\w_rpg_reference.BMP
 11 -8.415087 -12.374316 80.357590 -0.868274 0.298291 0.396388 0.117188 0.755906
 11 -8.415164 14.436833 60.155922 -0.970613 0.144802 0.192203 0.921875 0.755906
 11 -8.405089 -13.186395 79.279152 -0.965286 -0.157197 -0.208597 0.117188 0.645669
..\p_rpg\w_rpg_reference.BMP
 11 -8.415164 14.436833 60.155922 -0.970613 0.144802 0.192203 0.921875 0.755906
 11 -8.405166 13.618740 59.069496 -0.858400 -0.308700 -0.409700 0.921875 0.645669
 11 -8.405089 -13.186395 79.279152 -0.965286 -0.157197 -0.208597 0.117188 0.645669
..\p_rpg\w_rpg_reference.BMP
 11 -8.405089 -13.186395 79.279152 -0.965286 -0.157197 -0.208597 0.117188 0.645669
 11 -8.405166 13.618740 59.069496 -0.858400 -0.308700 -0.409700 0.921875 0.645669
 11 -7.435091 -13.751841 78.528236 -0.497905 -0.521905 -0.692608 0.117188 0.527559
..\p_rpg\w_rpg_reference.BMP
 11 -8.405166 13.618740 59.069496 -0.858400 -0.308700 -0.409700 0.921875 0.645669
 11 -7.435167 13.059309 58.326569 -0.244304 -0.583609 -0.774413 0.921875 0.527559
 11 -7.435091 -13.751841 78.528236 -0.497905 -0.521905 -0.692608 0.117188 0.527559
..\p_rpg\w_rpg_reference.BMP
 11 -7.435091 -13.751841 78.528236 -0.497905 -0.521905 -0.692608 0.117188 0.527559
 11 -7.435167 13.059309 58.326569 -0.244304 -0.583609 -0.774413 0.921875 0.527559
 11 -6.085091 -13.745824 78.536224 0.261205 -0.580912 -0.770917 0.117188 0.480315
..\p_rpg\w_rpg_reference.BMP
 11 -7.435167 13.059309 58.326569 -0.244304 -0.583609 -0.774413 0.921875 0.527559
 11 -6.085167 13.065326 58.334553 0.512976 -0.516576 -0.685569 0.921875 0.480315
 11 -6.085091 -13.745824 78.536224 0.261205 -0.580912 -0.770917 0.117188 0.480315
..\p_rpg\w_rpg_reference.BMP
 11 -6.085091 -13.745824 78.536224 0.261205 -0.580912 -0.770917 0.117188 0.480315
 11 -6.085167 13.065326 58.334553 0.512976 -0.516576 -0.685569 0.921875 0.480315
 11 -5.145089 -13.174360 79.295120 0.867251 -0.299618 -0.397624 0.117188 0.566929
..\p_rpg\w_rpg_reference.BMP
 11 -6.085167 13.065326 58.334553 0.512976 -0.516576 -0.685569 0.921875 0.480315
 11 -5.145165 13.636789 59.093452 0.969704 -0.147001 -0.195101 0.921875 0.566929
 11 -5.145089 -13.174360 79.295120 0.867251 -0.299618 -0.397624 0.117188 0.566929
..\p_rpg\w_rpg_reference.BMP
 11 -5.145089 -13.174360 79.295120 0.867251 -0.299618 -0.397624 0.117188 0.566929
 11 -5.145165 13.636789 59.093452 0.969704 -0.147001 -0.195101 0.921875 0.566929
 11 -5.155087 -12.356267 80.381546 0.965286 0.157197 0.208597 0.117188 0.677165
..\p_rpg\w_rpg_reference.BMP
 11 -5.145165 13.636789 59.093452 0.969704 -0.147001 -0.195101 0.921875 0.566929
 11 -5.155163 14.454883 60.179878 0.923571 0.230392 0.306490 0.921875 0.677165
 11 -5.155087 -12.356267 80.381546 0.965286 0.157197 0.208597 0.117188 0.677165
..\p_rpg\w_rpg_reference.BMP
 11 -6.775165 14.327401 59.412128 0.000500 0.798196 -0.602397 0.937500 0.724409
 11 -5.595165 17.677637 60.569675 -0.197397 0.384696 -0.901689 0.976563 0.984252
 11 -3.855167 16.655022 59.211639 -0.485108 0.554810 -0.675912 0.976563 0.834646
..\p_rpg\w_rpg_reference.BMP
 11 -6.775165 14.327401 59.412128 0.000500 0.798196 -0.602397 0.937500 0.724409
 11 -8.015164 17.665606 60.553707 0.205897 0.386794 -0.898886 0.976563 0.976378
 11 -5.595165 17.677637 60.569675 -0.197397 0.384696 -0.901689 0.976563 0.984252
..\p_rpg\w_rpg_reference.BMP
 11 -6.775165 14.327401 59.412128 0.000500 0.798196 -0.602397 0.937500 0.724409
 11 -9.725168 16.624939 59.171711 0.488594 0.559993 -0.669092 0.976563 0.826772
 11 -8.015164 17.665606 60.553707 0.205897 0.386794 -0.898886 0.976563 0.976378
..\p_rpg\w_rpg_reference.BMP
 11 -6.775165 14.327401 59.412128 0.000500 0.798196 -0.602397 0.937500 0.724409
 11 -9.695172 15.149197 57.228550 0.485086 0.802676 -0.346990 0.976563 0.622047
 11 -9.725168 16.624939 59.171711 0.488594 0.559993 -0.669092 0.976563 0.826772
..\p_rpg\w_rpg_reference.BMP
 11 -6.775165 14.327401 59.412128 0.000500 0.798196 -0.602397 0.937500 0.724409
 11 -7.965175 14.132596 55.878498 0.200108 0.972136 -0.122104 0.976563 0.472441
 11 -9.695172 15.149197 57.228550 0.485086 0.802676 -0.346990 0.976563 0.622047
..\p_rpg\w_rpg_reference.BMP
 11 -6.775165 14.327401 59.412128 0.000500 0.798196 -0.602397 0.937500 0.724409
 11 -5.545175 14.132598 55.878490 -0.204196 0.970683 -0.126798 0.976563 0.472441
 11 -7.965175 14.132596 55.878498 0.200108 0.972136 -0.122104 0.976563 0.472441
..\p_rpg\w_rpg_reference.BMP
 11 -6.775165 14.327401 59.412128 0.000500 0.798196 -0.602397 0.937500 0.724409
 11 -3.835171 15.179278 57.268475 -0.489323 0.796438 -0.355317 0.976563 0.622047
 11 -5.545175 14.132598 55.878490 -0.204196 0.970683 -0.126798 0.976563 0.472441
..\p_rpg\w_rpg_reference.BMP
 11 -6.775165 14.327401 59.412128 0.000500 0.798196 -0.602397 0.937500 0.724409
 11 -3.855167 16.655022 59.211639 -0.485108 0.554810 -0.675912 0.976563 0.834646
 11 -3.835171 15.179278 57.268475 -0.489323 0.796438 -0.355317 0.976563 0.622047
..\p_rpg\w_rpg_reference.BMP
 11 -6.775085 -13.642070 80.486031 -0.000000 -0.798630 0.601822 0.703125 0.338583
 11 -4.295083 -13.004436 81.332794 -0.000000 -0.798630 0.601822 0.750000 0.362205
 11 -5.765081 -12.132205 82.491119 -0.000000 -0.798630 0.601822 0.726563 0.385827
..\p_rpg\w_rpg_reference.BMP
 11 -6.775085 -13.642070 80.486031 -0.000000 -0.798630 0.601822 0.703125 0.338583
 11 -4.275087 -14.255638 79.671204 -0.000000 -0.798630 0.601822 0.750000 0.322835
 11 -4.295083 -13.004436 81.332794 -0.000000 -0.798630 0.601822 0.750000 0.362205
..\p_rpg\w_rpg_reference.BMP
 11 -6.775085 -13.642070 80.486031 -0.000000 -0.798630 0.601822 0.703125 0.338583
 11 -5.715090 -15.151933 78.480927 -0.000000 -0.798630 0.601822 0.726563 0.291339
 11 -4.275087 -14.255638 79.671204 -0.000000 -0.798630 0.601822 0.750000 0.322835
..\p_rpg\w_rpg_reference.BMP
 11 -6.775085 -13.642070 80.486031 -0.000000 -0.798630 0.601822 0.703125 0.338583
 11 -7.785089 -15.145920 78.488922 -0.000000 -0.798630 0.601822 0.687500 0.291339
 11 -5.715090 -15.151933 78.480927 -0.000000 -0.798630 0.601822 0.726563 0.291339
..\p_rpg\w_rpg_reference.BMP
 11 -6.775085 -13.642070 80.486031 -0.000000 -0.798630 0.601822 0.703125 0.338583
 11 -9.265087 -14.279704 79.639259 -0.000000 -0.798630 0.601822 0.656250 0.314961
 11 -7.785089 -15.145920 78.488922 -0.000000 -0.798630 0.601822 0.687500 0.291339
..\p_rpg\w_rpg_reference.BMP
 11 -6.775085 -13.642070 80.486031 -0.000000 -0.798630 0.601822 0.703125 0.338583
 11 -9.285084 -13.034517 81.292870 -0.000000 -0.798630 0.601822 0.656250 0.354331
 11 -9.265087 -14.279704 79.639259 -0.000000 -0.798630 0.601822 0.656250 0.314961
..\p_rpg\w_rpg_reference.BMP
 11 -6.775085 -13.642070 80.486031 -0.000000 -0.798630 0.601822 0.703125 0.338583
 11 -7.835081 -12.144238 82.475151 -0.000000 -0.798630 0.601822 0.687500 0.385827
 11 -9.285084 -13.034517 81.292870 -0.000000 -0.798630 0.601822 0.656250 0.354331
..\p_rpg\w_rpg_reference.BMP
 11 -6.775085 -13.642070 80.486031 -0.000000 -0.798630 0.601822 0.703125 0.338583
 11 -5.765081 -12.132205 82.491119 -0.000000 -0.798630 0.601822 0.726563 0.385827
 11 -7.835081 -12.144238 82.475151 -0.000000 -0.798630 0.601822 0.687500 0.385827
..\p_rpg\w_rpg_reference.BMP
 11 -3.365089 -15.647696 78.603882 0.000500 0.798196 -0.602397 0.000000 0.362205
 11 -2.945086 -15.592015 79.475769 0.244112 0.951446 -0.187509 0.015625 0.385827
 11 -2.515087 -16.031139 78.892616 0.488280 0.696972 -0.525179 0.015625 0.322835
..\p_rpg\w_rpg_reference.BMP
 11 -3.365089 -15.647696 78.603882 0.000500 0.798196 -0.602397 0.000000 0.362205
 11 -3.785086 -15.592016 79.475777 -0.244111 0.951446 -0.187509 0.015625 0.425197
 11 -2.945086 -15.592015 79.475769 0.244112 0.951446 -0.187509 0.015625 0.385827
..\p_rpg\w_rpg_reference.BMP
 11 -3.365089 -15.647696 78.603882 0.000500 0.798196 -0.602397 0.000000 0.362205
 11 -4.215087 -16.031139 78.892616 -0.488280 0.696972 -0.525179 0.015625 0.409449
 11 -3.785086 -15.592016 79.475777 -0.244111 0.951446 -0.187509 0.015625 0.425197
..\p_rpg\w_rpg_reference.BMP
 11 -3.365089 -15.647696 78.603882 0.000500 0.798196 -0.602397 0.000000 0.362205
 11 -3.785089 -16.470264 78.309464 -0.244101 0.442503 -0.862905 0.015625 0.346457
 11 -4.215087 -16.031139 78.892616 -0.488280 0.696972 -0.525179 0.015625 0.409449
..\p_rpg\w_rpg_reference.BMP
 11 -3.365089 -15.647696 78.603882 0.000500 0.798196 -0.602397 0.000000 0.362205
 11 -2.945089 -16.470263 78.309464 0.244102 0.442503 -0.862905 0.015625 0.299213
 11 -3.785089 -16.470264 78.309464 -0.244101 0.442503 -0.862905 0.015625 0.346457
..\p_rpg\w_rpg_reference.BMP
 11 -3.365089 -15.647696 78.603882 0.000500 0.798196 -0.602397 0.000000 0.362205
 11 -2.515087 -16.031139 78.892616 0.488280 0.696972 -0.525179 0.015625 0.322835
 11 -2.945089 -16.470263 78.309464 0.244102 0.442503 -0.862905 0.015625 0.299213
..\p_rpg\w_rpg_reference.BMP
 11 -6.745135 -0.373481 66.238449 0.000500 0.798196 -0.602397 0.726563 0.070866
 11 -6.745129 1.641676 68.914574 0.000500 0.798196 -0.602397 0.726563 0.354331
 11 -4.615135 -0.373479 66.238441 0.000500 0.798196 -0.602397 0.601563 0.070866
..\p_rpg\w_rpg_reference.BMP
 11 -4.615135 -0.373479 66.238441 0.000500 0.798196 -0.602397 0.601563 0.070866
 11 -6.745129 1.641676 68.914574 0.000500 0.798196 -0.602397 0.726563 0.354331
 11 -4.615129 1.641678 68.914566 0.000500 0.798196 -0.602397 0.601563 0.354331
..\p_rpg\w_rpg_reference.BMP
 11 -6.745129 1.641676 68.914574 0.000500 0.798196 -0.602397 0.726563 0.354331
 11 -6.545128 2.104862 69.529686 0.000500 0.798196 -0.602397 0.726563 0.433071
 11 -4.615129 1.641678 68.914566 0.000500 0.798196 -0.602397 0.601563 0.354331
..\p_rpg\w_rpg_reference.BMP
 11 -4.615129 1.641678 68.914566 0.000500 0.798196 -0.602397 0.601563 0.354331
 11 -6.545128 2.104862 69.529686 0.000500 0.798196 -0.602397 0.726563 0.433071
 11 -4.815128 2.104863 69.529678 0.000500 0.798196 -0.602397 0.601563 0.433071
..\p_rpg\w_rpg_reference.BMP
 11 -2.945079 -18.036474 81.316483 -0.000000 -0.798630 0.601822 0.109375 0.125984
 11 -2.945082 -18.914722 80.150169 -0.000000 -0.798630 0.601822 0.109375 0.031496
 11 -2.515080 -18.475597 80.733322 -0.000000 -0.798630 0.601822 0.132813 0.078740
..\p_rpg\w_rpg_reference.BMP
 11 -2.945079 -18.036474 81.316483 -0.000000 -0.798630 0.601822 0.109375 0.125984
 11 -3.785082 -18.914722 80.150169 -0.000000 -0.798630 0.601822 0.062500 0.031496
 11 -2.945082 -18.914722 80.150169 -0.000000 -0.798630 0.601822 0.109375 0.031496
..\p_rpg\w_rpg_reference.BMP
 11 -2.945079 -18.036474 81.316483 -0.000000 -0.798630 0.601822 0.109375 0.125984
 11 -4.215081 -18.475599 80.733330 -0.000000 -0.798630 0.601822 0.039063 0.078740
 11 -3.785082 -18.914722 80.150169 -0.000000 -0.798630 0.601822 0.062500 0.031496
..\p_rpg\w_rpg_reference.BMP
 11 -2.945079 -18.036474 81.316483 -0.000000 -0.798630 0.601822 0.109375 0.125984
 11 -3.785079 -18.036476 81.316483 -0.000000 -0.798630 0.601822 0.062500 0.125984
 11 -4.215081 -18.475599 80.733330 -0.000000 -0.798630 0.601822 0.039063 0.078740
..\p_rpg\w_rpg_reference.BMP
 11 -4.425091 -13.766419 78.226257 0.043501 0.670621 0.740524 0.125000 0.086614
 11 -5.305093 -12.586924 77.963989 0.880674 0.422787 0.213694 0.156250 0.086614
 11 -4.575090 -13.673831 78.532082 -0.148408 -0.370620 -0.916851 0.125000 0.110236
..\p_rpg\w_rpg_reference.BMP
 11 -4.575090 -13.673831 78.532082 -0.148408 -0.370620 -0.916851 0.125000 0.110236
 11 -5.305093 -12.586924 77.963989 0.880674 0.422787 0.213694 0.156250 0.086614
 11 -5.025092 -12.382400 78.235596 -0.782822 -0.563416 -0.264108 0.156250 0.110236
..\p_rpg\w_rpg_reference.BMP
 11 -5.305093 -12.586924 77.963989 0.880674 0.422787 0.213694 0.156250 0.086614
 11 -4.425091 -13.766419 78.226257 0.043501 0.670621 0.740524 0.125000 0.086614
 11 -5.025092 -12.382400 78.235596 -0.782822 -0.563416 -0.264108 0.156250 0.110236
..\p_rpg\w_rpg_reference.BMP
 11 -5.025092 -12.382400 78.235596 -0.782822 -0.563416 -0.264108 0.156250 0.110236
 11 -4.425091 -13.766419 78.226257 0.043501 0.670621 0.740524 0.125000 0.086614
 11 -4.575090 -13.673831 78.532082 -0.148408 -0.370620 -0.916851 0.125000 0.110236
..\p_rpg\w_rpg_reference.BMP
 11 -3.705091 -14.486726 78.067642 0.056601 -0.041801 -0.997521 0.085938 0.086614
 11 -4.425091 -13.766419 78.226257 0.043501 0.670621 0.740524 0.125000 0.086614
 11 -3.805090 -14.440094 78.395554 -0.281493 0.339291 0.897577 0.085938 0.110236
..\p_rpg\w_rpg_reference.BMP
 11 -3.805090 -14.440094 78.395554 -0.281493 0.339291 0.897577 0.085938 0.110236
 11 -4.425091 -13.766419 78.226257 0.043501 0.670621 0.740524 0.125000 0.086614
 11 -4.575090 -13.673831 78.532082 -0.148408 -0.370620 -0.916851 0.125000 0.110236
..\p_rpg\w_rpg_reference.BMP
 11 -4.425091 -13.766419 78.226257 0.043501 0.670621 0.740524 0.125000 0.086614
 11 -3.705091 -14.486726 78.067642 0.056601 -0.041801 -0.997521 0.085938 0.086614
 11 -4.575090 -13.673831 78.532082 -0.148408 -0.370620 -0.916851 0.125000 0.110236
..\p_rpg\w_rpg_reference.BMP
 11 -4.575090 -13.673831 78.532082 -0.148408 -0.370620 -0.916851 0.125000 0.110236
 11 -3.705091 -14.486726 78.067642 0.056601 -0.041801 -0.997521 0.085938 0.086614
 11 -3.805090 -14.440094 78.395554 -0.281493 0.339291 0.897577 0.085938 0.110236
..\p_rpg\w_rpg_reference.BMP
 11 -3.295090 -15.004481 78.194641 0.102806 -0.637038 0.763946 0.046875 0.086614
 11 -3.705091 -14.486726 78.067642 0.056601 -0.041801 -0.997521 0.085938 0.086614
 11 -3.365090 -14.873923 78.484390 0.102797 0.374590 -0.921474 0.046875 0.110236
..\p_rpg\w_rpg_reference.BMP
 11 -3.365090 -14.873923 78.484390 0.102797 0.374590 -0.921474 0.046875 0.110236
 11 -3.705091 -14.486726 78.067642 0.056601 -0.041801 -0.997521 0.085938 0.086614
 11 -3.805090 -14.440094 78.395554 -0.281493 0.339291 0.897577 0.085938 0.110236
..\p_rpg\w_rpg_reference.BMP
 11 -3.705091 -14.486726 78.067642 0.056601 -0.041801 -0.997521 0.085938 0.086614
 11 -3.295090 -15.004481 78.194641 0.102806 -0.637038 0.763946 0.046875 0.086614
 11 -3.805090 -14.440094 78.395554 -0.281493 0.339291 0.897577 0.085938 0.110236
..\p_rpg\w_rpg_reference.BMP
 11 -3.805090 -14.440094 78.395554 -0.281493 0.339291 0.897577 0.085938 0.110236
 11 -3.295090 -15.004481 78.194641 0.102806 -0.637038 0.763946 0.046875 0.086614
 11 -3.365090 -14.873923 78.484390 0.102797 0.374590 -0.921474 0.046875 0.110236
..\p_rpg\w_rpg_reference.BMP
 11 -3.145087 -16.021177 78.872597 -0.965286 -0.157197 -0.208597 0.000000 0.086614
 11 -3.295090 -15.004481 78.194641 0.102806 -0.637038 0.763946 0.046875 0.086614
 11 -3.415087 -15.840715 79.112251 0.974131 0.186306 0.127904 0.000000 0.110236
..\p_rpg\w_rpg_reference.BMP
 11 -3.415087 -15.840715 79.112251 0.974131 0.186306 0.127904 0.000000 0.110236
 11 -3.295090 -15.004481 78.194641 0.102806 -0.637038 0.763946 0.046875 0.086614
 11 -3.365090 -14.873923 78.484390 0.102797 0.374590 -0.921474 0.046875 0.110236
..\p_rpg\w_rpg_reference.BMP
 11 -3.295090 -15.004481 78.194641 0.102806 -0.637038 0.763946 0.046875 0.086614
 11 -3.145087 -16.021177 78.872597 -0.965286 -0.157197 -0.208597 0.000000 0.086614
 11 -3.365090 -14.873923 78.484390 0.102797 0.374590 -0.921474 0.046875 0.110236
..\p_rpg\w_rpg_reference.BMP
 11 -3.365090 -14.873923 78.484390 0.102797 0.374590 -0.921474 0.046875 0.110236
 11 -3.145087 -16.021177 78.872597 -0.965286 -0.157197 -0.208597 0.000000 0.086614
 11 -3.415087 -15.840715 79.112251 0.974131 0.186306 0.127904 0.000000 0.110236
..\p_rpg\w_rpg_reference.BMP
 11 -6.115107 -2.889012 75.831314 -0.008700 0.602486 0.798082 0.359375 0.921260
 11 -6.115145 10.447625 65.763611 -0.008700 0.602486 0.798082 0.773438 0.921260
 11 -7.465106 -2.895029 75.823326 -0.008700 0.602486 0.798082 0.375000 1.000000
..\p_rpg\w_rpg_reference.BMP
 11 -7.465106 -2.895029 75.823326 -0.008700 0.602486 0.798082 0.375000 1.000000
 11 -6.115145 10.447625 65.763611 -0.008700 0.602486 0.798082 0.773438 0.921260
 11 -7.465145 10.441609 65.755623 -0.008700 0.602486 0.798082 0.773438 1.000000
..\p_rpg\w_rpg_reference.BMP
 11 -6.115085 -11.784805 81.140450 0.459992 0.884285 -0.080298 0.117188 0.795276
 11 -5.605080 -11.899577 82.816673 0.459992 0.884285 -0.080298 0.000000 0.803150
 11 -5.155087 -12.356267 80.381546 0.459992 0.884285 -0.080298 0.117188 0.677165
..\p_rpg\w_rpg_reference.BMP
 11 -5.155087 -12.356267 80.381546 0.459992 0.884285 -0.080298 0.117188 0.677165
 11 -5.605080 -11.899577 82.816673 0.459992 0.884285 -0.080298 0.000000 0.803150
 11 -3.895083 -12.916178 81.466629 0.459992 0.884285 -0.080298 0.000000 0.677165
..\p_rpg\w_rpg_reference.BMP
 11 -7.465085 -11.790822 81.132469 -0.005700 0.997537 0.069903 0.117188 0.834646
 11 -8.005080 -11.911611 82.800705 -0.005700 0.997537 0.069903 0.000000 0.834646
 11 -6.115085 -11.784805 81.140450 -0.005700 0.997537 0.069903 0.117188 0.795276
..\p_rpg\w_rpg_reference.BMP
 11 -6.115085 -11.784805 81.140450 -0.005700 0.997537 0.069903 0.117188 0.795276
 11 -8.005080 -11.911611 82.800705 -0.005700 0.997537 0.069903 0.000000 0.834646
 11 -5.605080 -11.899577 82.816673 -0.005700 0.997537 0.069903 0.000000 0.803150
..\p_rpg\w_rpg_reference.BMP
 11 -8.415087 -12.374316 80.357590 -0.468101 0.879402 -0.086800 0.117188 0.755906
 11 -9.685083 -12.946260 81.426697 -0.468101 0.879402 -0.086800 0.000000 0.755906
 11 -7.465085 -11.790822 81.132469 -0.468101 0.879402 -0.086800 0.117188 0.834646
..\p_rpg\w_rpg_reference.BMP
 11 -7.465085 -11.790822 81.132469 -0.468101 0.879402 -0.086800 0.117188 0.834646
 11 -9.685083 -12.946260 81.426697 -0.468101 0.879402 -0.086800 0.000000 0.755906
 11 -8.005080 -11.911611 82.800705 -0.468101 0.879402 -0.086800 0.000000 0.834646
..\p_rpg\w_rpg_reference.BMP
 11 -8.405089 -13.186395 79.279152 -0.656311 0.599111 -0.458608 0.117188 0.645669
 11 -9.665088 -14.389955 79.509476 -0.656311 0.599111 -0.458608 0.000000 0.645669
 11 -8.415087 -12.374316 80.357590 -0.656311 0.599111 -0.458608 0.117188 0.755906
..\p_rpg\w_rpg_reference.BMP
 11 -8.415087 -12.374316 80.357590 -0.656311 0.599111 -0.458608 0.117188 0.755906
 11 -9.665088 -14.389955 79.509476 -0.656311 0.599111 -0.458608 0.000000 0.645669
 11 -9.685083 -12.946260 81.426697 -0.656311 0.599111 -0.458608 0.000000 0.755906
..\p_rpg\w_rpg_reference.BMP
 11 -7.435091 -13.751841 78.528236 -0.460109 0.320707 -0.827917 0.117188 0.527559
 11 -7.945090 -15.394525 78.175400 -0.460109 0.320707 -0.827917 0.000000 0.519685
 11 -8.405089 -13.186395 79.279152 -0.460109 0.320707 -0.827917 0.117188 0.645669
..\p_rpg\w_rpg_reference.BMP
 11 -8.405089 -13.186395 79.279152 -0.460109 0.320707 -0.827917 0.117188 0.645669
 11 -7.945090 -15.394525 78.175400 -0.460109 0.320707 -0.827917 0.000000 0.519685
 11 -9.665088 -14.389955 79.509476 -0.460109 0.320707 -0.827917 0.000000 0.645669
..\p_rpg\w_rpg_reference.BMP
 11 -6.085091 -13.745824 78.536224 0.005700 0.217605 -0.976020 0.117188 0.480315
 11 -5.555090 -15.400537 78.167404 0.005700 0.217605 -0.976020 0.000000 0.480315
 11 -7.435091 -13.751841 78.528236 0.005700 0.217605 -0.976020 0.117188 0.527559
..\p_rpg\w_rpg_reference.BMP
 11 -7.435091 -13.751841 78.528236 0.005700 0.217605 -0.976020 0.117188 0.527559
 11 -5.555090 -15.400537 78.167404 0.005700 0.217605 -0.976020 0.000000 0.480315
 11 -7.945090 -15.394525 78.175400 0.005700 0.217605 -0.976020 0.000000 0.519685
..\p_rpg\w_rpg_reference.BMP
 11 -5.145089 -13.174360 79.295120 0.468179 0.325586 -0.821463 0.117188 0.566929
 11 -3.875087 -14.359872 79.549400 0.468179 0.325586 -0.821463 0.000000 0.566929
 11 -6.085091 -13.745824 78.536224 0.468179 0.325586 -0.821463 0.117188 0.480315
..\p_rpg\w_rpg_reference.BMP
 11 -6.085091 -13.745824 78.536224 0.468179 0.325586 -0.821463 0.117188 0.480315
 11 -3.875087 -14.359872 79.549400 0.468179 0.325586 -0.821463 0.000000 0.566929
 11 -5.555090 -15.400537 78.167404 0.468179 0.325586 -0.821463 0.000000 0.480315
..\p_rpg\w_rpg_reference.BMP
 11 -5.155087 -12.356267 80.381546 0.656295 0.605995 -0.449496 0.117188 0.677165
 11 -3.895083 -12.916178 81.466629 0.656295 0.605995 -0.449496 0.000000 0.677165
 11 -5.145089 -13.174360 79.295120 0.656295 0.605995 -0.449496 0.117188 0.566929
..\p_rpg\w_rpg_reference.BMP
 11 -5.145089 -13.174360 79.295120 0.656295 0.605995 -0.449496 0.117188 0.566929
 11 -3.895083 -12.916178 81.466629 0.656295 0.605995 -0.449496 0.000000 0.677165
 11 -3.875087 -14.359872 79.549400 0.656295 0.605995 -0.449496 0.000000 0.566929
..\p_rpg\w_rpg_reference.BMP
 11 -5.155163 14.454883 60.179878 0.518688 -0.219595 0.826281 0.929688 0.787402
 11 -3.685165 16.121964 59.700665 0.518688 -0.219595 0.826281 0.968750 0.842520
 11 -6.115161 15.026344 60.938782 0.518688 -0.219595 0.826281 0.929688 0.866142
..\p_rpg\w_rpg_reference.BMP
 11 -6.115161 15.026344 60.938782 0.518688 -0.219595 0.826281 0.929688 0.866142
 11 -3.685165 16.121964 59.700665 0.518688 -0.219595 0.826281 0.968750 0.842520
 11 -5.525163 17.210749 61.146576 0.518688 -0.219595 0.826281 0.968750 1.000000
..\p_rpg\w_rpg_reference.BMP
 11 -6.115161 15.026344 60.938782 -0.006500 -0.091895 0.995747 0.929688 0.866142
 11 -5.525163 17.210749 61.146576 -0.006500 -0.091895 0.995747 0.968750 1.000000
 11 -7.465162 15.014312 60.922810 -0.006500 -0.091895 0.995747 0.929688 0.866142
..\p_rpg\w_rpg_reference.BMP
 11 -7.465162 15.014312 60.922810 -0.006500 -0.091895 0.995747 0.929688 0.866142
 11 -5.525163 17.210749 61.146576 -0.006500 -0.091895 0.995747 0.968750 1.000000
 11 -8.085163 17.198715 61.130608 -0.006500 -0.091895 0.995747 0.968750 0.992126
..\p_rpg\w_rpg_reference.BMP
 11 -7.465162 15.014312 60.922810 -0.527811 -0.225005 0.819017 0.929688 0.866142
 11 -8.085163 17.198715 61.130608 -0.527811 -0.225005 0.819017 0.968750 0.992126
 11 -8.415164 14.436833 60.155922 -0.527811 -0.225005 0.819017 0.929688 0.787402
..\p_rpg\w_rpg_reference.BMP
 11 -8.415164 14.436833 60.155922 -0.527811 -0.225005 0.819017 0.929688 0.787402
 11 -8.085163 17.198715 61.130608 -0.527811 -0.225005 0.819017 0.968750 0.992126
 11 -9.895166 16.091881 59.660740 -0.527811 -0.225005 0.819017 0.968750 0.834646
..\p_rpg\w_rpg_reference.BMP
 11 -8.415164 14.436833 60.155922 -0.739974 -0.541081 0.399586 0.929688 0.787402
 11 -9.895166 16.091881 59.660740 -0.739974 -0.541081 0.399586 0.968750 0.834646
 11 -8.405166 13.618740 59.069496 -0.739974 -0.541081 0.399586 0.929688 0.669291
..\p_rpg\w_rpg_reference.BMP
 11 -8.405166 13.618740 59.069496 -0.739974 -0.541081 0.399586 0.929688 0.669291
 11 -9.895166 16.091881 59.660740 -0.739974 -0.541081 0.399586 0.968750 0.834646
 11 -9.875171 14.539908 57.599724 -0.739974 -0.541081 0.399586 0.968750 0.614173
..\p_rpg\w_rpg_reference.BMP
 11 -8.405166 13.618740 59.069496 -0.518697 -0.854795 -0.016700 0.929688 0.669291
 11 -9.875171 14.539908 57.599724 -0.518697 -0.854795 -0.016700 0.968750 0.614173
 11 -7.435167 13.059309 58.326569 -0.518697 -0.854795 -0.016700 0.929688 0.582677
..\p_rpg\w_rpg_reference.BMP
 11 -7.435167 13.059309 58.326569 -0.518697 -0.854795 -0.016700 0.929688 0.582677
 11 -9.875171 14.539908 57.599724 -0.518697 -0.854795 -0.016700 0.968750 0.614173
 11 -8.035173 13.457139 56.161800 -0.518697 -0.854795 -0.016700 0.968750 0.456693
..\p_rpg\w_rpg_reference.BMP
 11 -7.435167 13.059309 58.326569 0.006500 -0.982491 -0.186198 0.929688 0.582677
 11 -8.035173 13.457139 56.161800 0.006500 -0.982491 -0.186198 0.968750 0.456693
 11 -6.085167 13.065326 58.334553 0.006500 -0.982491 -0.186198 0.929688 0.590551
..\p_rpg\w_rpg_reference.BMP
 11 -6.085167 13.065326 58.334553 0.006500 -0.982491 -0.186198 0.929688 0.590551
 11 -8.035173 13.457139 56.161800 0.006500 -0.982491 -0.186198 0.968750 0.456693
 11 -5.465173 13.457142 56.161793 0.006500 -0.982491 -0.186198 0.968750 0.456693
..\p_rpg\w_rpg_reference.BMP
 11 -6.085167 13.065326 58.334553 0.525112 -0.851020 -0.004800 0.929688 0.590551
 11 -5.465173 13.457142 56.161793 0.525112 -0.851020 -0.004800 0.968750 0.456693
 11 -5.145165 13.636789 59.093452 0.525112 -0.851020 -0.004800 0.929688 0.669291
..\p_rpg\w_rpg_reference.BMP
 11 -5.145165 13.636789 59.093452 0.525112 -0.851020 -0.004800 0.929688 0.669291
 11 -5.465173 13.457142 56.161793 0.525112 -0.851020 -0.004800 0.968750 0.456693
 11 -3.665170 14.569992 57.639648 0.525112 -0.851020 -0.004800 0.968750 0.622047
..\p_rpg\w_rpg_reference.BMP
 11 -5.145165 13.636789 59.093452 0.739959 -0.533271 0.409978 0.929688 0.669291
 11 -3.665170 14.569992 57.639648 0.739959 -0.533271 0.409978 0.968750 0.622047
 11 -5.155163 14.454883 60.179878 0.739959 -0.533271 0.409978 0.929688 0.787402
..\p_rpg\w_rpg_reference.BMP
 11 -5.155163 14.454883 60.179878 0.739959 -0.533271 0.409978 0.929688 0.787402
 11 -3.665170 14.569992 57.639648 0.739959 -0.533271 0.409978 0.968750 0.622047
 11 -3.685165 16.121964 59.700665 0.739959 -0.533271 0.409978 0.968750 0.842520
..\p_rpg\w_rpg_reference.BMP
 11 -3.685165 16.121964 59.700665 0.680384 0.608586 0.408291 0.968750 0.842520
 11 -3.855167 16.655022 59.211639 0.680384 0.608586 0.408291 0.984375 0.834646
 11 -5.525163 17.210749 61.146576 0.680384 0.608586 0.408291 0.968750 1.000000
..\p_rpg\w_rpg_reference.BMP
 11 -5.525163 17.210749 61.146576 0.680384 0.608586 0.408291 0.968750 1.000000
 11 -3.855167 16.655022 59.211639 0.680384 0.608586 0.408291 0.984375 0.834646
 11 -5.595165 17.677637 60.569675 0.680384 0.608586 0.408291 0.984375 0.984252
..\p_rpg\w_rpg_reference.BMP
 11 -5.525163 17.210749 61.146576 -0.008500 0.776077 0.630581 0.968750 1.000000
 11 -5.595165 17.677637 60.569675 -0.008500 0.776077 0.630581 0.984375 0.984252
 11 -8.085163 17.198715 61.130608 -0.008500 0.776077 0.630581 0.968750 0.992126
..\p_rpg\w_rpg_reference.BMP
 11 -8.085163 17.198715 61.130608 -0.008500 0.776077 0.630581 0.968750 0.992126
 11 -5.595165 17.677637 60.569675 -0.008500 0.776077 0.630581 0.984375 0.984252
 11 -8.015164 17.665606 60.553707 -0.008500 0.776077 0.630581 0.984375 0.976378
..\p_rpg\w_rpg_reference.BMP
 11 -8.085163 17.198715 61.130608 -0.692351 0.601358 0.398772 0.968750 0.992126
 11 -8.015164 17.665606 60.553707 -0.692351 0.601358 0.398772 0.984375 0.976378
 11 -9.895166 16.091881 59.660740 -0.692351 0.601358 0.398772 0.968750 0.834646
..\p_rpg\w_rpg_reference.BMP
 11 -9.895166 16.091881 59.660740 -0.692351 0.601358 0.398772 0.968750 0.834646
 11 -8.015164 17.665606 60.553707 -0.692351 0.601358 0.398772 0.984375 0.976378
 11 -9.725168 16.624939 59.171711 -0.692351 0.601358 0.398772 0.984375 0.826772
..\p_rpg\w_rpg_reference.BMP
 11 -9.895166 16.091881 59.660740 -0.970664 0.186793 -0.151394 0.968750 0.834646
 11 -9.725168 16.624939 59.171711 -0.970664 0.186793 -0.151394 0.984375 0.826772
 11 -9.875171 14.539908 57.599724 -0.970664 0.186793 -0.151394 0.968750 0.614173
..\p_rpg\w_rpg_reference.BMP
 11 -9.875171 14.539908 57.599724 -0.970664 0.186793 -0.151394 0.968750 0.614173
 11 -9.725168 16.624939 59.171711 -0.970664 0.186793 -0.151394 0.984375 0.826772
 11 -9.695172 15.149197 57.228550 -0.970664 0.186793 -0.151394 0.984375 0.622047
..\p_rpg\w_rpg_reference.BMP
 11 -9.875171 14.539908 57.599724 -0.680357 -0.224786 -0.697557 0.968750 0.614173
 11 -9.695172 15.149197 57.228550 -0.680357 -0.224786 -0.697557 0.984375 0.622047
 11 -8.035173 13.457139 56.161800 -0.680357 -0.224786 -0.697557 0.968750 0.456693
..\p_rpg\w_rpg_reference.BMP
 11 -8.035173 13.457139 56.161800 -0.680357 -0.224786 -0.697557 0.968750 0.456693
 11 -9.695172 15.149197 57.228550 -0.680357 -0.224786 -0.697557 0.984375 0.622047
 11 -7.965175 14.132596 55.878498 -0.680357 -0.224786 -0.697557 0.984375 0.472441
..\p_rpg\w_rpg_reference.BMP
 11 -8.035173 13.457139 56.161800 -0.000500 -0.391492 -0.920181 0.968750 0.456693
 11 -7.965175 14.132596 55.878498 -0.000500 -0.391492 -0.920181 0.984375 0.472441
 11 -5.465173 13.457142 56.161793 -0.000500 -0.391492 -0.920181 0.968750 0.456693
..\p_rpg\w_rpg_reference.BMP
 11 -5.465173 13.457142 56.161793 -0.000500 -0.391492 -0.920181 0.968750 0.456693
 11 -7.965175 14.132596 55.878498 -0.000500 -0.391492 -0.920181 0.984375 0.472441
 11 -5.545175 14.132598 55.878490 -0.000500 -0.391492 -0.920181 0.984375 0.472441
..\p_rpg\w_rpg_reference.BMP
 11 -5.465173 13.457142 56.161793 0.696828 -0.215409 -0.684127 0.968750 0.456693
 11 -5.545175 14.132598 55.878490 0.696828 -0.215409 -0.684127 0.984375 0.472441
 11 -3.665170 14.569992 57.639648 0.696828 -0.215409 -0.684127 0.968750 0.622047
..\p_rpg\w_rpg_reference.BMP
 11 -3.665170 14.569992 57.639648 0.696828 -0.215409 -0.684127 0.968750 0.622047
 11 -5.545175 14.132598 55.878490 0.696828 -0.215409 -0.684127 0.984375 0.472441
 11 -3.835171 15.179278 57.268475 0.696828 -0.215409 -0.684127 0.984375 0.622047
..\p_rpg\w_rpg_reference.BMP
 11 -3.665170 14.569992 57.639648 0.970673 0.196994 -0.137796 0.968750 0.622047
 11 -3.835171 15.179278 57.268475 0.970673 0.196994 -0.137796 0.984375 0.622047
 11 -3.685165 16.121964 59.700665 0.970673 0.196994 -0.137796 0.968750 0.842520
..\p_rpg\w_rpg_reference.BMP
 11 -3.685165 16.121964 59.700665 0.970673 0.196994 -0.137796 0.968750 0.842520
 11 -3.835171 15.179278 57.268475 0.970673 0.196994 -0.137796 0.984375 0.622047
 11 -3.855167 16.655022 59.211639 0.970673 0.196994 -0.137796 0.984375 0.834646
..\p_rpg\w_rpg_reference.BMP
 11 -7.465106 -4.375585 75.536179 -0.008700 0.602486 0.798082 0.343750 0.834646
 11 -7.465085 -11.790822 81.132469 -0.008700 0.602486 0.798082 0.117188 0.834646
 11 -6.115106 -4.369568 75.544159 -0.008700 0.602486 0.798082 0.343750 0.795276
..\p_rpg\w_rpg_reference.BMP
 11 -6.115106 -4.369568 75.544159 -0.008700 0.602486 0.798082 0.343750 0.795276
 11 -7.465085 -11.790822 81.132469 -0.008700 0.602486 0.798082 0.117188 0.834646
 11 -6.115085 -11.784805 81.140450 -0.008700 0.602486 0.798082 0.117188 0.795276
..\p_rpg\w_rpg_reference.BMP
 11 -7.465162 15.014312 60.922810 -0.008700 0.602486 0.798082 0.921875 0.834646
 11 -7.465149 10.606767 64.279305 -0.008700 0.602486 0.798082 0.789063 0.834646
 11 -6.115161 15.026344 60.938782 -0.008700 0.602486 0.798082 0.921875 0.795276
..\p_rpg\w_rpg_reference.BMP
 11 -6.115161 15.026344 60.938782 -0.008700 0.602486 0.798082 0.921875 0.795276
 11 -7.465149 10.606767 64.279305 -0.008700 0.602486 0.798082 0.789063 0.834646
 11 -6.115149 10.612783 64.287292 -0.008700 0.602486 0.798082 0.789063 0.803150
..\p_rpg\w_rpg_reference.BMP
 11 -6.115149 10.612783 64.287292 1.000000 -0.000000 0.000000 0.796875 0.842520
 11 -6.115145 10.447625 65.763611 1.000000 -0.000000 0.000000 0.773438 0.921260
 11 -6.115106 -4.369568 75.544159 1.000000 -0.000000 0.000000 0.335938 0.842520
..\p_rpg\w_rpg_reference.BMP
 11 -6.115106 -4.369568 75.544159 1.000000 -0.000000 0.000000 0.335938 0.842520
 11 -6.115145 10.447625 65.763611 1.000000 -0.000000 0.000000 0.773438 0.921260
 11 -6.115107 -2.889012 75.831314 1.000000 -0.000000 0.000000 0.359375 0.921260
..\p_rpg\w_rpg_reference.BMP
 11 -6.115106 -4.369568 75.544159 -0.005900 -0.188800 0.981998 0.335938 0.842520
 11 -6.115107 -2.889012 75.831314 -0.005900 -0.188800 0.981998 0.359375 0.921260
 11 -7.465106 -4.375585 75.536179 -0.005900 -0.188800 0.981998 0.335938 0.842520
..\p_rpg\w_rpg_reference.BMP
 11 -7.465106 -4.375585 75.536179 -0.005900 -0.188800 0.981998 0.335938 0.842520
 11 -6.115107 -2.889012 75.831314 -0.005900 -0.188800 0.981998 0.359375 0.921260
 11 -7.465106 -2.895029 75.823326 -0.005900 -0.188800 0.981998 0.359375 0.921260
